 0001503 0000004 0000000 0008191 1241023 0163655
00000001000000000000000000000000000000000000000000000000000000000000000000000000
00000000000000000000000000000000000000000000000000000000000000000000000000000000
00000000000000000000000000000000000000000000000000000000000000000000000000000000
00000000000000000000000000000000000000000000000000000000000000000000000000000000
00000000000000000000000000000000000000000000000000000000000000000000000000000000
00000000000000000000000000000000000000000000000000000000000000000000000000000000
00000000000000000000000000000000000000000000000000000000000000000000000000000000
00000000000000000000000000000000000000000000000000000000000000000000000000000000
00000000000000000000000000000000000000000000000000000000000000000000000000000000
00000000000000000000000000000000000000000000000000000000000000000000000000000000
00000000000000000000000000000000000000000000000000000000000000000000000000000000
00000000000000000000000000000000000000000000000000000000000000000000000000000000
00000000000000000000000000000000000000000000000000000000000000000000000000000000
00000000000000000000000000000000000000000000000000000000000000000000000000000000
00000000000000000000000000000000000000000000000000000000000000000000000000000000
00000000000000000000000000000000000000000000000000000000000000000000000000000000
00000000000000000000000000000000000000000000000000000000000000000000000000000000
00000000000000000000000000000000000000000000000000000000000000000000000000000000
00000000000000000000000000000000000000000000000000000000000000000000000000000000
00000000000000000000000000000000000000000000000000000000000000000000000000000000
00000000000000000000000000000001000000000000000000000000000000000000000000000000
00000000000000000000000000000000000000000000000000000000000000000000000000000000
00000000000000000000000000000000000000000000000000000000000000000000000000000000
00000000000000000000000000000000000000010000000000000000000000000000000000000000
00000000000000010000000000000000000000000000000000000000000000000000000000000000
00000000000000010000000000000000000000050000000200000001000000040000001000000009
00000009000000110000001000000016000000110000002100000033000000180000002700000028
00000035000000380000005400000041000000530000006200000055000000630000007100000056
00000067000000790000007300000098000000890000010100000094000001030000011600000113
00000105000001210000010800000127000001480000011600000140000001350000015800000121
00000138000001520000016200000169000001740000014100000185000001630000017700000175
00000182000001970000018600000210000001820000018000000206000001880000017400000186
00000217000002170000020700000190000002120000018500000184000001800000018300000184
00000191000002150000021900000192000002000000020900000203000002240000020000000188
00000217000002060000023800000207000002080000019600000219000002240000022400000242
00000212000002000000019900000195000002030000022400000228000002190000023800000227
00000228000002070000021600000236000002170000022600000226000002230000024300000241
00000211000002400000023100000214000002370000020200000231000002190000026800000269
00000272000002410000025500000229000002430000024100000251000002200000023700000258
00000239000002480000023100000246000002420000024400000241000002500000026400000245
00000262000002350000024400000243000002580000027100000255000002670000022600000281
00000262000002690000024800000258000002610000024700000256000002610000026000000258
00000236000002350000024400000270000002700000026700000266000002440000024900000262
00000295000002670000026900000256000002760000023300000247000002830000024900000253
00000290000002430000024700000250000003170000026400000266000002670000028200000275
00000287000002750000026000000266000003000000028400000295000002630000028900000282
00000284000002610000028600000313000002750000028400000272000003030000030200000247
00000286000002770000028300000274000003190000028300000254000002940000031900000319
00000307000002990000028800000322000002920000031900000337000003260000031500000332
00000338000003430000031900000339000003140000033800000332000003200000034100000315
00000332000003400000034400000373000003260000033200000341000003110000031600000290
00000319000002960000034500000326000003250000034500000350000003340000033400000329
00000348000003480000032800000343000003190000035100000355000003710000035300000363
00000362000003800000035900000337000003380000035100000398000003360000036000000358
00000389000003810000035400000365000003850000036000000360000003640000037500000365
00000376000003690000039100000384000003470000039600000419000004370000042800000387
00000404000003930000037600000401000003900000039100000396000004170000037100000394
00000420000004170000037200000419000004040000041900000419000004180000040000000380
00000434000004270000045600000456000004900000041300000436000004500000042600000419
00000426000004210000043300000403000004300000039600000420000004100000040700000421
00000404000004330000040900000396000004280000039300000445000004650000042400000413
00000406000003860000045500000456000004250000045900000413000004640000043000000431
00000423000004310000046200000469000004690000042300000459000004430000042800000450
00000451000004650000044700000425000004410000047600000462000004130000041000000456
00000454000004280000042300000427000004400000045300000437000004410000045900000431
00000471000004010000044400000476000004760000042900000467000004520000045500000441
00000438000004870000045800000491000004600000047200000488000004590000047000000461
00000440000004500000041900000442000004610000046700000426000004340000043500000485
00000421000004420000048800000482000004670000051100000469000004660000046800000473
00000473000004600000045500000490000004900000045400000454000004830000047400000518
00000488000004710000048800000406000004520000051300000469000004810000045400000513
00000468000004690000043300000437000004590000047900000472000004800000049500000497
00000481000004750000049300000448000004810000046300000542000004860000056300000704
00001096000017750000331300005328000074760000843800008003000062490000390500002091
00001069000006660000050000000452000004520000042800000390000003920000038900000427
00000429000004230000041800000434000004250000041700000441000003870000043000000423
00000427000003960000037500000371000003820000044300000394000004240000037600000367
00000397000004410000041100000407000003970000044900000417000003880000036100000404
00000397000003790000038500000395000003810000038700000367000003580000039700000389
00000398000004190000038600000385000003590000038900000359000004020000040500000406
00000362000004120000035900000397000003780000037300000392000003480000039700000371
00000415000003530000039900000393000003770000038000000373000003900000039000000386
00000385000003680000037600000371000003620000037200000382000003470000038300000348
00000350000003220000040200000363000003740000036000000384000003900000038800000375
00000372000003290000038300000360000003830000035000000361000003530000040200000350
00000347000003300000034700000388000003600000040100000383000003380000035500000362
00000412000003620000033800000390000003740000035900000368000003520000035700000384
00000346000003950000037800000377000003920000036200000327000003600000038500000374
00000368000003580000036400000323000003780000039000000342000003540000033800000384
00000336000003510000037000000361000003300000036900000370000003780000034500000345
00000407000003380000033600000362000003150000033100000345000003450000033500000310
00000370000003280000029000000320000003360000032400000355000003540000032500000353
00000346000003390000033900000297000003400000031900000318000003460000031600000302
00000324000003260000032000000346000003410000033300000313000003270000032400000313
00000355000003140000033600000345000003160000032600000338000003540000032200000308
00000314000003310000033700000353000003280000031800000317000003080000029800000304
00000306000003110000029100000299000003270000031300000314000002680000033500000354
00000304000003060000030900000310000003250000029000000326000003160000027400000285
00000329000003120000029600000301000002890000034300000315000002810000029800000299
00000314000003080000031500000290000002950000028700000299000003120000029500000297
00000282000003090000032500000285000002890000031900000304000003010000030000000272
00000279000002940000028100000326000002970000029600000287000002730000031100000332
00000273000002790000029900000272000002950000027800000292000002690000032300000292
00000287000002990000030100000267000002890000026500000278000002980000026000000283
00000339000002890000026600000276000003180000029100000253000002740000031900000308
00000317000002770000029800000316000003110000029500000273000003150000028500000338
00000294000003250000034200000312000003220000030500000274000002630000029200000271
00000290000003300000025400000293000002770000024400000235000002380000026100000278
00000268000002810000026100000268000002590000025600000239000002560000026600000270
00000249000002650000027800000257000002510000027500000268000002420000030100000238
00000248000003020000024300000277000002560000023100000248000002700000028100000253
00000253000002560000027700000242000002600000023800000259000002540000026700000261
00000255000002590000023500000256000002590000025200000241000002660000025600000224
00000246000002610000024300000268000002370000024800000227000002230000023300000237
00000212000001980000022700000245000002330000022600000253000002530000022700000207
00000247000002410000022800000211000002270000022800000225000002260000023400000268
00000222000002390000022800000223000002220000022900000220000001950000025700000215
00000243000002120000021800000211000002050000021400000216000002190000024400000255
00000247000002270000022800000205000002110000019400000211000002170000023500000219
00000221000002030000021300000215000002120000021300000237000002220000021100000223
00000214000001850000019700000200000001950000022100000200000002070000022700000205
00000219000002060000022500000207000001900000022500000212000002010000023700000216
00000206000002120000018200000197000001950000017300000188000001990000017900000208
00000214000002150000019200000196000002050000022200000187000001910000018400000174
00000191000001830000019300000198000001990000021800000162000002160000017600000203
00000190000002010000020500000215000001910000018000000211000002040000017300000214
00000200000001600000020400000187000002140000020400000194000001960000019600000215
00000201000001820000019800000203000001740000016700000204000002000000020400000178
00000166000001770000019300000171000001830000018300000184000002080000016800000170
00000161000001730000019600000199000001790000017300000189000001790000018400000200
00000196000001750000017500000165000001620000017400000159000001720000017200000193
00000193000001910000018900000195000001590000016900000174000001810000016700000156
00000173000001740000020200000214000002550000032600000327000003280000030200000298
00000203000002200000019100000170000001800000017700000173000002100000018000000193
00000198000002070000019000000212000001860000019100000196000001660000015500000189
00000172000002530000033000000592000008060000111300001408000013370000118800000908
00000603000003790000026900000171000001380000016400000133000001800000015800000175
00000161000001600000012400000158000001570000015000000159000001460000014800000152
00000129000001440000013600000155000001420000013700000153000001300000013800000131
00000177000001480000015400000156000001520000015100000141000001300000015200000138
00000133000001530000014400000132000001600000014500000155000001270000015300000144
00000139000001450000015100000151000001430000016300000152000001500000013300000122
00000130000001570000013300000156000001210000014200000121000001360000013000000158
00000145000001550000014000000128000001200000013200000138000001360000014000000141
00000135000001340000012700000110000001630000011900000126000001440000013500000116
00000117000001100000013600000144000001320000012600000153000001390000012300000104
00000131000001220000011500000148000001190000013600000141000001320000012200000115
00000121000001250000012100000124000001260000011000000120000001540000013400000132
00000138000001250000013900000143000001380000014200000166000001280000012900000164
00000148000001480000012700000134000001260000012400000105000001280000014400000114
00000143000001200000012400000130000001130000011500000120000001170000011700000120
00000110000001390000014100000107000001220000012800000120000001180000011700000147
00000127000001350000013500000114000001170000013300000105000001160000012900000111
00000093000001180000012800000138000001030000013500000145000001170000012500000122
00000102000001020000012100000111000001170000011000000108000001330000011500000106
00000118000001030000012800000122000001080000009100000126000001240000012900000100
00000107000001150000011000000115000001030000011900000127000001110000009800000139
00000080000001040000010500000132000001210000010000000112000001110000011100000096
00000116000001110000011300000125000001150000012100000095000001110000010400000089
00000111000001180000012000000105000001010000010600000117000001090000011300000121
00000108000001130000010000000097000000870000011200000120000001430000016300000203
00000214000002180000023700000232000001810000018700000173000001420000011200000115
00000111000001100000011800000105000001030000008600000106000000930000008900000099
00000099000000980000010800000105000001080000013100000120000001090000009400000096
00000101000001160000010200000112000001110000010900000092000000940000009200000111
00000101000000910000011500000101000000830000011000000107000000980000009800000097
00000120000001000000009300000091000001090000009700000111000000760000009400000106
00000096000001260000010400000083000000940000010500000094000000950000009200000106
00000094000000830000011300000091000000910000010000000088000000940000010100000088
00000103000000930000008600000091000001030000011600000110000001020000009500000080
00000094000000920000009300000107000001070000009600000085000000940000010600000096
00000103000000930000008000000091000000900000011200000098000001050000008900000103
00000115000001020000007900000082000000910000011000000096000000950000008600000110
00000088000001050000010100000091000000980000008800000093000000700000008900000090
00000077000000740000009700000099000000870000009800000097000000910000010800000086
00000081000000860000008500000118000000970000007900000093000000890000010300000099
00000099000000790000009000000100000000750000008300000105000000820000010100000089
00000097000000910000009400000085000000990000009300000099000001090000008500000086
00000094000000960000009600000105000000830000008700000085000000810000008400000086
00000092000000890000007800000080000001000000009100000086000001040000009600000099
00000085000000990000007900000091000000810000009700000106000000910000008100000077
00000081000000880000008900000091000000820000008600000088000000780000008000000082
00000083000000830000008600000113000001020000011800000125000001020000011400000109
00000091000000880000007400000074000000960000008900000116000000870000009100000084
00000077000000580000008800000088000000940000009200000096000000950000011300000188
00000321000004930000087100001391000018770000241300002457000025430000208600001361
00000826000004610000027400000138000000950000009000000100000000680000007900000068
00000074000000870000006900000079000000780000007200000078000000930000008300000070
00000071000000770000006000000075000000660000008000000085000000790000007200000087
00000114000001340000014500000203000002260000024600000229000001920000013300000110
00000087000000990000006700000061000000730000007800000067000000780000007700000072
00000070000000690000005700000066000000610000006500000081000000760000005400000074
00000065000000510000007000000076000000670000006100000063000000690000006900000070
00000067000000760000007600000061000000720000006400000068000000590000006600000066
00000071000000690000006500000068000000830000006700000080000000680000007800000065
00000060000000710000007800000078000000780000006100000071000000640000006600000073
00000065000000560000007300000068000000820000006600000088000000880000008400000110
00000082000001140000012900000123000001470000011700000124000000970000009600000072
00000052000000530000006200000066000000750000007200000062000000730000006100000072
00000070000000630000007100000071000000650000005100000068000000650000006000000051
00000057000000610000006100000065000000580000005500000074000000670000006200000071
00000074000000540000007200000063000000760000006400000065000000540000006700000066
00000060000000790000006700000091000000590000006400000067000000610000006900000059
00000054000000720000007800000064000000580000006200000074000000680000006400000065
00000061000000760000006800000048000000550000006700000065000000590000006700000070
00000063000000670000005800000081000000520000006400000050000000570000007600000065
00000065000000640000006100000069000000810000006800000053000000790000006900000058
00000070000000570000006500000061000000690000006900000062000000640000005600000073
00000075000000650000006000000061000000530000007200000050000000580000006700000069
00000064000000590000006600000047000000540000006400000064000000500000006600000061
00000071000000590000005300000063000000640000005600000055000000500000007100000049
00000056000000610000006200000058000000520000006400000057000000580000006900000076
00000054000000490000006900000060000000610000007800000054000000420000006100000067
00000058000000560000005500000063000000790000006400000054000000580000005800000059
00000060000000680000006800000062000000630000007300000063000000560000004600000057
00000061000000550000006100000055000000650000005700000064000000540000006900000051
00000059000000670000005500000055000000590000006100000046000000660000006700000069
00000067000000610000005900000052000000550000005800000058000000540000006900000058
00000073000000810000006300000056000000680000009300000097000001200000015300000191
00000240000002140000018100000170000001220000009700000078000000470000006000000053
00000060000000510000006400000054000000530000004500000065000000610000006700000058
00000061000000730000005900000067000000810000005700000068000000610000007200000053
00000068000000590000005200000047000000560000005900000048000000560000005300000058
00000064000000610000005100000039000000550000004300000052000000640000005800000072
00000056000000630000005700000058000000640000005100000045000000570000004500000033
00000058000000560000004000000049000000700000005500000052000000630000006400000053
00000052000000530000005000000063000000610000004400000059000000580000005500000059
00000057000000530000005200000058000000630000004300000040000000700000005400000055
00000063000000580000005100000057000000500000004600000056000000420000006000000061
00000059000000530000005300000050000000610000005700000054000000610000004400000064
00000057000000610000005100000062000000640000005700000054000000530000005300000063
00000065000000630000005600000055000000500000005200000054000000550000005800000057
00000056000000620000004500000046000000580000005300000052000000600000005900000064
00000072000000510000005600000043000000600000005200000063000000430000005800000063
00000051000000530000005400000057000000470000006200000057000000460000007800000076
00000095000001330000015500000206000002250000024500000247000001950000016900000119
00000095000000610000005700000050000000400000006600000049000000510000006700000051
00000053000000650000005500000048000000430000004300000041000000490000004500000050
00000058000000590000005600000060000000540000004900000039000000460000005000000049
00000053000000590000004000000048000000510000005100000038000000550000004600000058
00000049000000610000005300000057000000590000005200000059000000630000004500000049
00000048000000540000005000000042000000570000004200000051000000490000005500000059
00000040000000410000003600000045000000540000004800000048000000500000004900000055
00000058000000550000005500000058000000450000006400000055000000450000005100000066
00000047000000530000005300000052000000560000006000000040000000550000004600000060
00000066000000620000005800000057000000670000005900000050000000640000004900000052
00000064000000500000004100000057000000530000005500000055000000460000005600000052
00000044000000470000006600000042000000520000005000000044000000490000005200000038
00000062000000390000004300000045000000650000004500000059000000470000005300000050
00000057000000440000003500000065000000560000005200000047000000570000004000000042
00000060000000520000004100000041000000370000004600000044000000500000005400000047
00000058000000460000005800000056000000490000004200000043000000470000004400000046
00000055000000450000004400000050000000390000005800000038000000520000005100000042
00000037000000460000005300000050000000540000004700000043000000570000005200000043
00000060000000380000005900000049000000460000003300000060000000350000004600000054
00000030000000490000005300000049000000490000006500000049000000400000004400000055
00000058000000590000005000000042000000590000004600000050000000500000005600000063
00000056000000510000005600000037000000490000007100000067000000790000007200000088
00000065000000560000006500000058000000510000005800000044000000540000004300000050
00000052000000330000005500000039000000420000005900000036000000490000005400000037
00000052000000500000006600000046000000490000005200000054000000280000005000000050
00000050000000430000004700000047000000540000005100000045000000490000006100000054
00000046000000460000004300000042000000390000005000000036000000540000004500000059
00000057000000540000004800000050000000370000004600000034000000480000003900000042
00000044000000440000005700000058000000550000004900000058000000380000004300000050
00000051000000490000006500000053000000660000004900000061000000440000004300000064
00000049000000350000003800000057000000560000004700000044000000430000005800000047
00000039000000570000006400000042000000510000005400000048000000570000005700000054
00000047000000570000005400000058000000720000005900000054000000860000008100000066
00000081000000630000008700000066000000680000006100000053000000610000005300000050
00000053000000350000005400000037000000520000004700000041000000440000005700000042
00000047000000530000004300000044000000550000004900000051000000480000004000000055
00000054000000520000005100000049000000470000003700000053000000440000004900000053
00000056000000370000005300000046000000470000004800000057000000480000005100000043
00000047000000430000005100000062000000400000004400000056000000500000005300000050
00000047000000630000003500000045000000470000004000000051000000440000005500000060
00000035000000450000005700000052000000460000005600000045000000500000004200000067
00000040000000500000003900000045000000440000005600000055000000490000004000000046
00000055000000500000005200000052000000550000005200000047000000490000003200000052
00000044000000530000003500000033000000560000004700000040000000480000004100000038
00000046000000400000004800000050000000450000004800000052000000420000004400000054
00000050000000430000004600000048000000400000004300000050000000340000004000000051
00000041000000500000004400000039000000500000003600000047000000500000004800000045
00000048000000430000004500000052000000430000003600000042000000410000004600000034
00000055000000500000003500000061000000620000006100000058000000370000004600000046
00000047000000470000004700000045000000430000004100000040000000480000005100000044
00000040000000550000003400000033000000410000004200000051000000450000005200000050
00000052000000380000004700000041000000480000005000000034000000400000005200000057
00000027000000420000004600000043000000520000005700000065000000550000003400000035
00000041000000400000004300000038000000450000005100000039000000400000004000000038
00000042000000480000004100000047000000410000004400000063000000410000005100000051
00000045000000450000005200000051000000410000004500000058000000510000005100000045
00000048000000550000004800000044000000460000003700000043000000580000004800000052
00000050000000390000005700000049000000360000004600000035000000560000005600000050
00000046000000480000004100000038000000550000005500000048000000510000005300000051
00000046000000660000006400000060000000730000006400000067000000760000006000000046
00000054000000520000005200000062000000570000005600000050000000490000004200000040
00000032000000390000003900000045000000530000005600000050000000400000005400000044
00000039000000420000004400000048000000650000004700000040000000420000005000000056
00000032000000540000004300000048000000410000003800000053000000480000004600000044
00000037000000360000004600000039000000450000005000000031000000540000004500000046
00000047000000420000004500000041000000530000004600000040000000340000003900000042
00000050000000460000004300000041000000420000005800000060000000460000004800000057
00000049000000520000004600000046000000400000003900000042000000530000004300000056
00000035000000410000004500000038000000540000003800000064000000470000007600000081
00000096000001050000009600000089000000790000008100000052000000450000003600000044
00000046000000430000004600000057000000670000006200000049000000600000006200000057
00000053000000440000005100000040000000440000004400000043000000490000003400000040
00000045000000420000004900000034000000480000003100000047000000370000004500000030
00000042000000490000005500000037000000470000005000000038000000430000004700000040
00000033000000390000004700000033000000520000003700000055000000410000003600000040
00000046000000560000004400000043000000490000004400000048000000490000003900000033
00000047000000350000004400000043000000580000003400000045000000540000004400000044
00000045000000380000004600000046000000450000003300000047000000340000004300000034
00000038000000490000004000000041000000370000004600000027000000500000003300000043
00000044000000360000004100000028000000350000003100000043000000410000004100000037
00000059000000370000004000000042000000440000003900000034000000380000003700000041
00000038000000350000004600000053000000480000004700000041000000760000008700000113
00000136000001480000016700000151000001390000011000000085000000550000005500000048
00000042000000390000004900000040000000450000003100000036000000470000003800000038
00000037000000360000004300000034000000420000003300000040000000310000003900000035
00000042000000460000004300000038000000360000004500000035000000410000003600000047
00000041000000390000003700000042000000340000003800000035000000320000004200000043
00000039000000350000003700000051000000330000003100000044000000340000004400000038
00000038000000360000003600000032000000390000004700000037000000390000002800000040
00000036000000400000003800000030000000380000004300000025000000340000004000000030
00000035000000320000003900000037000000500000003600000032000000410000003700000036
00000034000000450000003300000037000000330000004200000038000000370000003900000034
00000042000000450000003300000035000000320000004600000025000000400000003600000032
00000040000000420000002600000036000000320000003500000044000000370000003500000028
00000043000000380000003900000034000000410000002700000039000000390000004400000045
00000030000000450000004300000040000000380000003400000038000000440000003500000028
00000039000000340000003000000025000000360000003800000036000000340000003800000043
00000038000000370000003200000044000000410000003500000037000000490000003200000033
00000046000000340000002700000030000000410000002600000044000000450000004100000043
00000036000000390000003800000047000000410000002900000034000000370000005100000039
00000040000000390000002800000035000000410000003400000039000000470000004100000045
00000042000000400000003500000038000000340000003500000043000000350000004000000034
00000045000000410000003700000030000000330000003300000034000000370000003600000031
00000034000000310000002800000038000000340000003800000028000000360000002600000040
00000031000000290000002900000035000000360000003300000024000000360000003600000039
00000046000000330000004600000033000000420000005500000039000000340000004100000043
00000039000000480000004200000043000000310000004000000037000000380000003200000037
00000040000000400000003300000038000000360000004200000025000000330000004000000037
00000036000000300000003700000045000000370000004200000032000000290000004700000024
00000043000000330000003900000039000000390000004200000035000000320000003400000047
00000031000000250000004900000041000000400000003200000030000000330000003900000045
00000028000000340000005300000031000000390000003100000037000000380000003500000033
00000039000000480000004000000039000000360000003800000027000000410000005200000035
00000034000000360000003400000035000000370000004500000040000000430000003400000036
00000036000000420000002900000030000000340000003600000027000000440000003000000040
00000039000000380000004100000032000000290000003000000036000000330000003600000039
00000036000000360000003600000042000000500000004200000045000000500000004800000043
00000038000000350000003900000035000000320000002800000037000000400000003700000025
00000036000000350000003200000037000000370000003000000029000000320000003000000035
00000039000000400000002400000034000000360000002500000037000000300000003600000031
00000035000000310000003200000025000000370000003200000037000000410000005000000039
00000031000000310000004200000032000000450000006400000064000000600000006100000058
00000066000000440000004900000058000000540000002800000031000000380000003400000029
00000038000000300000003400000028000000350000003100000030000000440000003000000029
00000029000000400000003400000030000000330000003600000032000000370000002300000035
00000035000000440000003200000034000000330000004700000040000000310000002800000028
00000030000000370000003900000044000000340000003700000041000000290000005000000026
00000040000000290000003800000039000000320000002800000030000000350000003500000031
00000037000000310000002300000039000000260000003100000027000000330000003300000042
00000036000000360000002900000034000000330000004300000039000000410000002400000032
00000028000000400000001800000031000000280000002600000027000000390000002500000032
00000037000000390000003300000030000000300000003600000032000000350000003600000032
00000040000000360000004400000030000000530000003000000033000000270000003600000034
00000030000000400000003600000036000000370000003500000031000000300000004000000047
00000027000000380000003400000038000000330000003700000032000000360000003900000023
00000029000000350000003500000038000000430000002600000037000000320000005500000033
00000035000000390000003700000038000000280000003700000036000000330000004700000041
00000052000000450000004400000049000000390000003800000032000000440000003500000033
00000030000000340000003300000040000000370000003500000038000000390000003700000035
00000040000000420000003200000037000000360000004400000033000000450000002900000032
00000039000000340000004000000034000000380000003000000039000000450000003500000038
00000062000000580000005400000043000000360000003700000037000000430000004100000035
00000027000000430000003400000038000000370000003200000040000000280000002400000045
00000042000000360000002600000028000000350000002500000037000000260000003600000034
00000035000000390000003500000032000000360000003600000031000000360000003700000038
00000027000000340000002900000034000000370000002800000040000000390000003800000031
00000028000000320000003500000035000000420000002600000026000000330000004300000036
00000032000000360000003900000047000000220000002900000038000000350000003800000043
00000035000000370000002700000037000000240000003700000031000000430000003900000023
00000037000000380000003100000036000000310000003500000030000000450000002700000037
00000021000000380000003800000031000000440000002800000027000000220000003700000015
00000036000000300000003400000041000000300000004100000029000000330000003600000035
00000027000000270000003400000034000000350000003500000033000000270000004000000029
00000047000000360000003800000045000000330000002900000039000000270000003000000033
00000030000000300000003500000030000000320000003600000042000000400000004100000038
00000039000000440000003300000036000000440000003100000036000000350000003700000043
00000034000000280000003400000021000000400000004200000031000000400000002900000041
00000032000000340000002700000040000000380000003400000042000000300000002900000032
00000032000000440000003400000028000000330000003200000025000000270000002800000020
00000030000000430000004100000023000000350000002300000038000000360000002900000033
00000040000000450000004800000035000000310000003700000029000000350000003900000028
00000029000000300000002900000033000000320000004400000036000000380000004700000051
00000042000000380000003300000024000000290000003600000038000000350000002600000023
00000027000000340000003000000025000000280000003500000031000000240000002500000048
00000028000000270000003000000035000000240000002100000035000000350000002000000029
00000022000000330000003000000030000000420000002700000031000000220000003500000041
00000049000000560000008500000118000001220000020600000214000002850000034800000375
00000347000003150000027600000227000001570000011500000076000000550000004000000034
00000026000000290000003600000026000000290000002600000035000000240000003600000038
00000043000000280000002900000023000000330000003000000023000000240000002200000029
00000036000000430000002100000030000000360000003300000023000000300000002900000037
00000032000000290000003200000026000000240000002400000025000000230000002500000031
00000033000000320000002700000031000000250000002800000027000000220000003000000029
00000036000000250000002200000023000000300000002300000033000000340000002800000024
00000031000000390000003100000023000000260000003200000025000000200000002600000030
00000030000000420000002900000025000000250000003100000030000000260000003200000034
00000029000000320000002800000026000000260000002800000025000000260000003400000026
00000031000000290000003100000022000000210000002400000026000000310000002300000026
00000032000000310000003400000024000000330000002400000026000000270000002400000018
00000026000000270000002300000021000000300000002700000036000000340000002400000029
00000018000000280000002500000034000000270000002700000030000000260000003800000024
00000035000000210000002700000036000000240000003000000029000000270000003000000025
00000035000000260000002600000031000000260000003500000044000000400000002700000034
00000035000000280000003000000034000000310000002800000039000000230000002700000032
00000035000000240000003500000025000000330000002900000024000000150000003200000021
00000033000000180000002300000026000000310000002800000026000000270000002400000029
00000029000000190000003200000019000000340000003000000024000000380000002800000022
00000035000000220000003200000020000000240000003000000030000000240000002700000025
00000026000000240000002800000022000000180000002700000031000000320000003000000027
00000023000000300000002800000026000000430000003100000033000000330000002400000031
00000031000000240000003900000032000000310000001900000024000000320000003600000023
00000019000000250000002500000024000000230000001700000026000000290000003800000030
00000029000000290000003400000019000000330000002000000030000000200000002600000022
00000024000000260000002800000026000000230000002800000023000000190000002800000021
00000021000000430000002100000021000000350000003000000031000000270000002400000028
00000029000000220000002900000028000000250000002600000018000000340000003500000027
00000022000000310000002300000025000000290000002600000024000000340000003800000041
00000030000000260000003400000029000000270000003500000020000000390000003000000024
00000031000000400000002700000028000000300000002300000034000000260000002600000045
00000023000000290000003700000020000000280000003000000027000000280000002000000035
00000031000000330000003000000032000000240000002500000015000000310000003000000027
00000029000000230000002800000022000000190000004000000017000000200000003500000030
00000038000000180000002800000030000000250000003100000026000000280000003000000030
00000022000000270000002200000030000000280000002900000026000000160000003100000032
00000028000000240000002800000024000000230000002400000022000000190000003100000025
00000029000000220000002900000025000000270000002000000021000000360000002900000025
00000037000000260000002600000026000000270000002500000021000000260000003200000035
00000034000000230000003200000032000000370000003500000023000000430000003200000028
00000034000000230000003000000025000000340000002700000030000000250000002600000030
00000021000000290000002400000034000000320000003700000030000000360000002900000027
00000020000000420000003900000033000000430000005900000065000000620000007200000094
00000119000001040000012200000106000000890000009100000056000000680000003900000038
00000033000000290000003100000027000000270000002500000024000000180000002600000024
00000038000000240000002900000031000000210000003900000026000000380000003300000023
00000033000000370000004300000026000000320000002600000027000000280000003400000023
00000029000000290000002800000022000000340000002500000021000000250000002700000026
00000026000000270000002400000032000000240000002700000033000000260000002500000022
00000030000000260000003500000026000000270000002800000038000000340000003000000021
00000031000000240000002300000033000000120000001600000026000000220000003700000034
00000029000000280000002300000023000000200000002300000024000000250000003100000025
00000027000000200000001900000016000000260000002500000024000000390000002200000027
00000020000000310000003100000020000000240000002800000024000000230000002300000018
00000032000000280000002000000018000000290000002800000030000000180000001700000022
00000032000000280000002200000029000000350000001900000022000000170000002400000023
00000027000000260000002500000022000000250000002400000021000000330000002500000016
00000025000000270000003000000019000000180000003600000031000000270000002900000025
00000028000000220000002200000024000000200000003300000015000000270000002800000021
00000021000000200000003300000029000000270000003000000021000000260000002300000025
00000026000000180000002300000023000000240000003200000027000000240000002100000016
00000025000000300000002300000024000000240000001500000024000000220000001900000023
00000027000000220000002100000025000000190000002200000018000000180000002800000018
00000022000000200000002500000023000000220000002000000018000000280000001700000019
00000024000000170000002300000025000000290000002900000027000000260000004400000035
00000048000000520000004700000051000000490000003500000028000000300000001500000024
00000022000000250000002400000026000000210000001000000026000000140000001800000018
00000027000000150000001900000018000000320000001400000024000000190000001900000017
00000021000000160000002100000014000000170000003300000022000000220000002900000033
00000015000000250000002600000033000000290000002600000031000000180000002100000017
00000024000000190000001700000018000000200000001400000011000000120000002800000022
00000014000000240000001800000012000000200000001600000022000000230000001500000019
00000020000000170000002200000015000000200000002000000019000000210000002800000030
00000017000000250000002800000023000000220000001500000026000000220000002200000019
00000024000000160000001600000016000000120000002300000027000000230000001900000024
00000013000000130000001400000015000000200000000800000023000000220000001800000024
00000017000000200000002000000014000000250000002800000028000000240000002900000019
00000023000000170000001900000018000000220000001800000013000000220000002100000017
00000018000000140000002300000020000000150000002100000017000000210000002000000026
00000022000000130000002200000020000000130000002500000023000000270000002900000021
00000020000000240000002200000015000000180000001900000020000000160000002100000017
00000023000000190000001600000021000000160000001700000017000000150000001900000019
00000021000000180000001800000018000000160000002700000024000000270000001600000020
00000018000000240000002000000017000000270000002300000019000000190000002100000020
00000023000000240000002000000020000000180000001400000017000000130000001500000020
00000023000000220000001900000017000000150000001600000019000000250000001500000012
00000019000000290000002000000016000000140000001500000027000000160000001800000019
00000021000000240000002000000010000000210000002000000015000000180000001800000013
00000015000000130000001900000014000000150000002200000022000000160000002700000027
00000018000000180000001900000015000000220000001900000022000000150000002100000021
00000021000000280000002000000032000000310000004700000059000000910000008200000116
00000176000002060000024600000288000003070000028400000262000002330000021200000156
00000108000000910000004800000050000000220000002400000018000000200000001700000010
00000024000000280000002500000025000000180000002500000023000000270000002500000028
00000032000000310000003300000024000000280000002000000023000000200000001900000016
00000014000000150000001900000016000000140000001300000014000000120000002000000018
00000012000000130000001700000019000000270000002100000018000000140000001800000020
00000025000000210000001100000027000000210000001600000009000000240000002600000012
00000022000000190000001200000021000000160000001100000011000000140000001400000018
00000009000000120000001200000013000000200000002100000022000000150000001300000019
00000012000000130000001500000013000000120000001100000012000000170000001900000021
00000013000000120000001400000027000000220000001400000016000000150000002000000013
00000014000000170000001600000014000000260000001600000011000000190000000900000015
00000017000000200000001300000025000000190000001300000024000000090000001700000022
00000014000000230000001300000015000000160000001300000013000000110000001500000012
00000023000000140000001200000019000000150000001200000015000000140000000700000013
00000009000000130000001900000018000000170000001400000013000000170000001000000012
00000014000000280000001100000019000000130000001700000019000000180000002000000012
00000023000000140000001100000016000000160000001500000013000000130000001600000013
00000016000000120000001900000017000000140000001800000008000000170000001400000017
00000015000000120000002000000014000000100000001500000013000000190000001100000020
00000011000000140000001300000011000000260000002000000028000000290000002100000024
00000032000000230000002600000027000000210000001500000016000000180000001600000017
00000022000000130000001100000014000000160000001000000012000000130000001200000013
00000019000000130000001400000019000000150000001400000011000000140000000900000016
00000015000000120000001000000009000000120000001600000018000000040000001400000011
00000016000000090000001100000013000000100000001300000020000000170000001800000018
00000012000000220000001800000020000000180000001400000022000000110000001200000015
00000014000000220000000800000015000000200000001700000019000000090000002400000013
00000019000000160000001600000010000000120000001400000022000000080000001500000014
00000013000000080000002200000017000000120000001900000020000000200000001700000015
00000015000000050000002400000011000000130000001500000018000000170000001200000013
00000010000000170000001800000014000000120000001700000015000000110000001500000012
00000009000000160000001800000011000000160000001100000016000000140000002300000009
00000010000000190000001500000016000000100000001400000007000000130000001400000013
00000012000000090000001200000016000000170000002200000021000000100000000900000011
00000012000000120000001200000013000000110000001700000013000000130000001400000007
00000008000000180000001500000011000000100000001600000021000000120000001800000017
00000019000000210000002600000011000000140000001000000015000000210000001000000017
00000021000000160000000800000016000000100000001600000013000000170000001200000011
00000013000000100000001900000013000000150000001600000012000000130000001300000010
00000017000000120000001000000015000000200000002100000022000000180000000900000010
00000005000000130000001600000020000000130000001900000012000000090000001100000017
00000019000000180000001400000020000000120000001500000014000000160000001900000010
00000017000000150000001600000013000000170000002300000015000000140000001400000014
00000011000000140000001300000019000000160000001400000018000000160000001200000020
00000011000000130000000900000010000000140000001500000017000000160000001500000014
00000009000000170000001300000019000000150000001800000016000000150000002700000018
00000021000000220000001500000017000000190000001400000017000000100000001500000018
00000019000000110000002300000016000000190000001300000016000000150000001500000013
00000015000000130000002100000012000000140000002400000016000000110000001600000016
00000023000000130000000900000011000000190000000700000015000000190000001700000020
00000018000000110000001300000014000000140000001200000009000000090000001900000009
00000014000000140000001200000012000000160000001300000017000000200000002000000017
00000015000000160000001600000011000000200000001600000015000000160000001900000020
00000015000000200000001100000015000000120000001800000019000000160000002100000016
00000013000000150000001500000017000000070000001300000017000000110000001600000013
00000009000000130000001700000018000000120000001700000012000000170000001500000014
00000019000000190000001600000014000000120000001900000021000000140000001200000016
00000015000000130000001200000015000000160000001000000014000000160000001600000018
00000017000000110000001100000023000000140000001600000013000000170000001400000014
00000020000000190000002600000034000000540000006200000054000000680000010000000153
00000140000001330000016400000168000001680000015500000131000001060000008400000076
00000041000000400000002800000024000000270000002700000018000000360000003100000030
00000043000000400000003800000046000000300000003600000036000000290000003400000024
00000016000000150000001800000015000000110000001800000022000000090000001300000015
00000016000000170000001600000020000000190000001200000009000000140000001500000016
00000017000000110000001600000012000000160000001300000012000000140000001800000011
00000012000000170000001500000011000000210000001300000016000000130000001900000014
00000014000000130000001500000011000000120000001700000017000000080000001900000019
00000018000000160000001000000018000000210000001600000010000000130000000800000022
00000019000000100000001000000021000000210000001900000013000000120000001300000017
00000014000000140000001200000022000000110000001600000021000000160000001700000015
00000008000000130000001100000017000000130000001700000015000000210000002000000020
00000031000000250000002800000034000000360000005700000067000000860000009300000110
00000151000001690000019500000221000002330000023800000223000001550000013700000104
00000087000000730000004400000026000000300000001200000016000000170000002500000016
00000016000000070000000800000010000000160000000900000015000000130000001400000015
00000013000000110000002100000022000000210000001400000020000000120000002400000020
00000024000000240000003100000031000000310000003600000041000000310000003200000038
00000028000000230000001000000013000000110000001700000015000000170000001500000025
00000014000000160000000900000016000000150000001200000018000000190000001100000011
00000015000000150000001600000016000000160000001900000015000000130000001900000009
00000011000000100000001300000011000000160000001000000014000000190000001500000016
00000014000000090000001400000010000000120000001300000017000000150000001400000016
00000010000000160000001700000023000000230000001900000013000000160000001600000008
00000019000000230000001300000015000000090000001200000017000000150000001600000015
00000011000000220000001400000009000000060000001700000012000000090000002000000018
00000016000000180000002300000019000000160000001300000020000000170000001500000015
00000012000000130000001100000014000000170000001600000008000000130000001100000015
00000014000000160000002000000018000000130000001500000016000000160000001700000011
00000009000000100000001300000014000000150000001300000013000000230000001600000017
00000004000000160000001300000023000000120000001500000012000000140000001500000016
00000020000000100000001100000014000000130000001000000012000000150000001500000017
00000018000000130000001600000012000000130000001400000012000000210000001500000013
00000018000000160000001200000014000000170000001300000016000000160000002000000014
00000015000000120000001400000027000000230000002200000023000000190000001500000025
00000018000000220000001500000017000000090000001100000020000000200000001600000008
00000016000000150000001500000014000000130000001800000014000000170000000800000019
00000022000000130000001600000020000000110000001400000019000000190000001500000015
00000018000000180000002100000013000000120000002000000012000000170000001500000011
00000013000000150000001500000014000000130000000900000009000000140000002300000019
00000018000000130000001300000010000000150000001600000010000000180000001700000018
00000014000000160000002100000013000000150000002100000018000000190000001500000017
00000014000000160000001300000016000000140000001400000013000000140000001400000015
00000018000000170000001300000015000000170000000800000013000000160000002000000017
00000017000000140000001500000013000000170000001500000018000000130000001500000013
00000015000000200000001600000021000000190000001800000021000000160000001500000016
00000024000000180000002500000014000000160000001700000016000000180000001600000011
00000025000000150000001000000015000000200000001600000013000000210000001600000010
00000014000000180000001900000015000000170000001200000008000000140000001700000016
00000020000000200000001100000018000000110000001700000023000000100000001700000020
00000012000000130000001700000014000000190000002100000022000000150000001600000012
00000014000000150000001700000012000000120000001500000010000000120000001100000018
00000024000000190000001400000019000000100000000900000009000000060000001200000011
00000017000000090000002100000014000000140000001500000012000000150000001000000015
00000013000000130000001500000011000000100000001500000006000000160000000800000008
00000018000000150000001900000014000000120000001600000013000000120000000700000016
00000016000000100000001300000007000000160000000900000014000000110000000900000017
00000018000000070000000900000008000000110000000700000006000000120000000900000011
00000009000000090000001100000017000000110000001100000013000000150000001000000012
00000012000000120000001300000015000000120000001400000016000000140000001600000015
00000009000000240000001200000008000000110000000800000013000000140000001000000013
00000010000000130000000800000016000000040000000900000014000000130000001500000015
00000012000000130000001500000016000000110000001000000010000000140000001900000007
00000021000000070000001900000032000000210000002300000030000000350000002400000027
00000029000000190000002700000013000000180000001200000011000000140000001600000012
00000005000000120000001100000011000000140000001600000006000000170000001500000018
00000009000000200000001100000010000000070000000700000012000000070000001200000005
00000009000000110000001600000014000000100000001500000018000000130000001700000011
00000007000000090000000700000007000000110000000900000007000000150000000800000009
00000010000000160000000700000012000000100000001100000015000000090000001600000013
00000012000000140000001200000011000000140000000700000012000000100000001300000006
00000010000000100000000900000015000000080000001200000007000000120000000900000012
00000013000000100000001300000005000000180000001100000009000000140000001400000012
00000010000000190000001300000008000000120000000700000011000000170000001700000007
00000017000000130000001500000007000000100000001300000008000000120000001400000008
00000010000000090000000800000011000000150000001500000014000000100000001500000011
00000018000000240000001500000016000000130000000800000014000000160000001700000016
00000014000000090000001500000010000000070000001400000009000000120000000800000011
00000008000000090000001000000008000000110000000900000008000000090000000400000014
00000010000000070000000800000016000000060000000700000006000000080000001200000009
00000014000000080000000900000006000000050000000800000010000000050000000900000011
00000005000000010000000900000010000000100000001300000011000000080000001100000010
00000010000000070000001200000013000000090000001800000011000000070000000600000009
00000006000000150000000800000005000000030000000700000005000000080000000800000014
00000009000000050000000800000007000000050000000300000011000000080000000600000012
00000006000000100000001000000007000000050000000800000006000000070000001500000007
00000006000000050000000500000005000000110000000800000007000000050000000600000011
00000007000000070000000700000006000000080000000500000008000000070000000600000006
00000007000000100000000700000012000000060000000400000012000000050000000600000006
00000010000000040000000700000005000000120000001000000004000000070000000900000007
00000009000000060000000300000006000000060000001200000011000000060000001300000004
00000017000000050000000700000008000000040000000500000008000000100000000400000011
00000006000000110000001100000008000000050000000600000007000000100000000500000005
00000004000000050000000400000009000000100000000400000012000000030000000800000005
00000006000000090000001200000004000000050000001000000009000000040000000800000008
00000009000000130000000600000006000000140000000700000009000000070000000800000011
00000007000000020000000300000007000000080000000400000005000000040000000800000007
00000002000000070000001000000007000000140000000700000005000000120000000900000008
00000009000000110000000800000006000000010000000900000011000000110000001100000006
00000001000000090000000800000007000000090000000500000009000000030000000400000008
00000008000000080000000900000007000000060000000500000003000000090000000800000004
00000003000000020000000300000008000000060000000800000007000000030000000500000006
00000005000000100000000700000007000000020000001000000005000000070000000900000004
00000005000000050000000700000009000000110000000800000006000000090000000600000011
00000009000000060000000300000004000000070000000500000005000000040000001100000004
00000004000000080000000200000008000000080000000200000009000000070000000800000016
00000014000000150000000700000017000000180000001100000026000000180000002400000024
00000024000000150000002100000011000000130000000900000006000000060000000700000007
00000003000000030000000700000007000000080000000500000006000000060000000700000003
00000003000000050000000700000003000000050000000800000003000000090000000300000007
00000005000000030000000600000006000000040000000700000008000000040000000800000007
00000002000000050000000700000004000000060000000900000007000000040000000600000003
00000004000000080000000800000003000000030000000500000006000000050000000300000004
00000005000000060000000400000002000000030000000800000007000000070000000200000005
00000008000000080000000400000004000000060000000400000005000000020000000300000005
00000005000000020000000500000007000000070000000400000006000000040000000100000002
00000001000000030000000400000001000000070000000400000005000000020000000500000001
00000006000000020000000600000002000000050000000500000002000000090000000500000004
00000007000000110000000200000004000000060000000400000006000000060000000900000006
00000005000000040000000800000007000000050000000300000004000000030000000200000002
00000006000000030000000600000007000000030000000600000004000000070000000200000003
00000003000000040000000200000004000000050000000300000004000000040000000300000003
00000002000000040000000200000006000000090000000400000006000000020000000400000001
00000006000000010000000500000001000000020000000500000003000000000000000400000001
00000001000000050000000500000003000000050000000400000004000000060000000100000003
00000000000000030000000300000005000000060000000600000003000000040000000500000003
00000003000000070000000500000006000000020000000300000004000000060000000700000002
00000002000000010000000300000003000000000000000300000006000000050000000600000006
00000003000000060000000200000006000000090000000800000002000000010000000500000003
00000007000000050000000100000006000000030000000300000007000000040000000500000008
00000004000000010000000200000002000000050000000500000005000000040000000400000001
00000001000000080000000500000004000000050000000200000005000000000000000500000004
00000003000000040000000200000002000000040000000500000003000000020000000200000002
00000005000000050000000200000001000000060000000400000002000000040000000700000001
00000004000000030000000200000006000000020000000700000009000000030000000000000007
00000004000000020000000500000006000000030000000300000001000000040000000200000003
00000002000000040000000300000004000000030000000500000005000000030000000500000002
00000003000000020000000400000004000000050000000100000003000000020000000100000006
00000003000000020000000600000002000000020000000200000004000000080000000500000004
00000006000000080000000300000003000000080000000100000006000000050000000200000003
00000005000000030000000200000001000000050000000400000004000000030000000500000003
00000004000000010000000300000004000000040000000500000002000000040000000900000005
00000002000000010000000300000002000000030000000300000007000000060000000400000002
00000002000000030000000300000006000000030000000300000003000000050000000200000004
00000005000000070000000100000006000000020000000200000002000000030000000200000005
00000002000000050000000200000005000000020000000700000004000000050000001000000003
00000005000000090000000600000013000000070000000300000006000000060000000400000001
00000005000000010000000500000004000000050000000100000002000000050000000400000002
00000003000000030000000500000005000000050000000100000005000000040000000400000003
00000005000000040000000100000002000000060000000400000006000000070000000600000003
00000005000000030000000700000003000000010000000100000003000000010000000200000002
00000003000000030000000100000006000000030000000300000004000000040000000000000003
00000001000000040000000100000004000000000000000300000007000000020000000300000006
00000004000000060000000400000007000000040000000500000002000000060000000500000001
00000006000000040000000500000005000000040000000400000003000000030000000300000003
00000001000000010000000400000004000000040000000000000003000000020000000900000006
00000003000000010000000500000006000000050000000300000002000000030000000500000004
00000005000000060000000400000001000000070000000600000004000000020000000500000010
00000005000000100000000600000003000000040000000400000006000000030000000400000007
00000005000000060000000300000002000000040000000700000008000000100000001900000025
00000023000000290000003700000056000000630000010200000103000001400000013800000184
00000196000002290000021600000214000002100000017200000167000001280000009500000072
00000050000000320000002100000009000000070000000500000004000000060000000500000001
00000005000000030000000400000002000000010000000400000004000000030000000200000003
00000002000000040000000300000002000000020000000800000002000000050000000200000005
00000002000000050000000400000003000000010000000200000003000000000000000400000001
00000003000000020000000100000002000000010000000500000001000000010000000100000001
00000001000000010000000300000002000000010000000300000003000000020000000300000004
00000001000000030000000300000003000000020000000200000001000000020000000100000001
00000000000000050000000200000000000000010000000400000006000000040000000100000002
00000004000000000000000400000002000000050000000500000004000000020000000000000004
00000003000000010000000500000002000000020000000300000002000000010000000000000002
00000003000000040000000400000002000000020000000200000002000000030000000200000003
00000001000000010000000400000004000000040000000300000001000000040000000300000007
00000003000000050000000000000002000000020000000200000003000000050000000700000003
00000004000000030000000200000002000000040000000100000002000000020000000200000003
00000002000000010000000500000001000000010000000200000001000000000000000000000001
00000002000000030000000300000000000000020000000400000002000000030000000400000000
00000003000000030000000300000003000000040000000100000004000000020000000300000002
00000002000000010000000300000002000000020000000300000001000000020000000400000003
00000002000000060000000200000005000000010000000400000003000000000000000500000000
00000002000000040000000200000003000000040000000300000007000000040000000400000001
00000003000000040000000400000001000000000000000400000004000000020000000300000004
00000002000000020000000100000003000000020000000600000001000000030000000100000005
00000003000000010000000200000003000000040000000300000005000000050000000200000005
00000009000000040000000600000004000000100000000600000005000000060000000600000016
00000011000000090000001100000017000000240000001700000017000000270000002800000049
00000061000000460000007400000077000001170000010300000111000001210000011900000080
00000087000000750000005800000031000000300000002200000015000000110000000600000006
00000003000000010000000200000002000000030000000300000003000000010000000300000004
00000001000000040000000100000001000000020000000300000002000000030000000100000004
00000000000000010000000100000000000000020000000100000003000000020000000300000000
00000002000000010000000100000003000000010000000100000001000000010000000300000001
00000005000000000000000300000001000000010000000000000005000000020000000100000002
00000003000000010000000400000002000000010000000000000002000000020000000000000003
00000005000000010000000200000003000000000000000200000000000000040000000100000001
00000001000000000000000100000001000000030000000100000001000000000000000400000002
00000001000000030000000100000001000000020000000200000001000000020000000200000000
00000000000000020000000200000002000000010000000200000001000000020000000100000000
00000002000000000000000300000000000000000000000000000001000000000000000300000001
00000003000000000000000300000000000000010000000200000002000000010000000200000002
00000002000000010000000400000002000000030000000300000004000000010000000300000001
00000000000000010000000200000001000000020000000100000000000000010000000400000002
00000001000000050000000400000002000000000000000100000001000000020000000200000003
00000002000000020000000000000000000000030000000200000003000000030000000400000001
00000002000000020000000200000004000000000000000100000000000000030000000100000002
00000001000000030000000000000003000000020000000100000003000000000000000200000005
00000002000000020000000000000003000000030000000400000003000000020000000400000001
00000002000000020000000100000004000000030000000100000001000000010000000100000001
00000001000000020000000300000001000000000000000200000001000000030000000300000001
00000000000000030000000000000001000000020000000200000002000000020000000700000003
00000003000000010000000100000001000000050000000100000004000000050000000100000009
00000005000000050000000600000002000000020000000200000003000000030000000100000004
00000004000000040000000200000000000000010000000300000002000000020000000000000001
00000001000000010000000300000001000000010000000200000002000000010000000000000003
00000003000000010000000400000003000000030000000100000003000000010000000300000002
00000001000000010000000100000001000000020000000100000002000000030000000200000001
00000003000000010000000200000000000000010000000000000001000000020000000000000004
00000003000000020000000400000001000000010000000100000000000000030000000300000002
00000000000000020000000200000002000000010000000200000003000000040000000100000003
00000003000000040000000100000002000000030000000300000006000000070000000500000003
00000006000000060000000600000002000000040000000500000008000000030000000500000002
00000004000000060000000200000004000000010000000400000002000000000000000100000003
00000000000000050000000000000002000000010000000100000003000000010000000100000001
00000003000000010000000100000001000000000000000200000002000000030000000300000002
00000003000000000000000100000001000000000000000200000003000000010000000200000007
00000001000000030000000000000001000000020000000200000003000000000000000000000002
00000003000000020000000100000004000000010000000100000000000000020000000200000001
00000003000000010000000000000002000000010000000000000001000000020000000100000001
00000000000000000000000400000001000000040000000400000000000000020000000100000001
00000001000000010000000100000000000000010000000100000002000000000000000300000000
00000000000000020000000200000002000000040000000000000001000000010000000300000001
00000000000000010000000000000000000000000000000100000001000000000000000300000000
00000000000000030000000300000002000000040000000100000000000000030000000000000000
00000001000000000000000000000000000000020000000500000001000000020000000200000000
00000001000000010000000400000003000000020000000100000000000000020000000300000000
00000005000000000000000100000001000000000000000000000002000000000000000100000003
00000001000000010000000200000003000000020000000100000002000000010000000200000002
00000000000000010000000200000001000000010000000300000000000000000000000300000003
00000002000000010000000200000001000000000000000000000003000000020000000100000000
00000000000000010000000200000001000000000000000000000001000000000000000000000003
00000002000000020000000200000001000000000000000100000001000000010000000000000002
00000002000000010000000200000002000000010000000200000001000000000000000200000001
00000003000000000000000300000000000000000000000000000000000000030000000300000000
00000002000000000000000300000002000000000000000200000001000000010000000300000000
00000000000000000000000100000000000000010000000100000002000000020000000300000000
00000002000000000000000100000002000000000000000100000000000000020000000300000000
00000002000000010000000000000000000000000000000200000003000000010000000200000002
00000002000000020000000000000000000000010000000100000000000000010000000200000001
00000002000000020000000200000003000000030000000300000003000000010000000000000002
00000003000000020000000100000000000000030000000000000001000000050000000300000004
00000005000000020000000000000004000000010000000200000003000000040000000300000006
00000002000000000000000200000000000000050000000300000004000000040000000500000003
00000007000000080000000600000008000000030000000900000010000000060000000700000002
00000004000000030000000600000001000000010000000200000000000000000000000300000002
00000000000000010000000200000001000000020000000400000000000000020000000400000001
00000001000000010000000100000001000000000000000100000000000000000000000400000001
00000000000000050000000000000001000000010000000100000000000000010000000200000004
00000001000000020000000000000001000000010000000000000002000000010000000300000002
00000000000000020000000100000001000000010000000100000003000000020000000100000001
00000001000000010000000100000002000000010000000200000000000000020000000200000002
00000002000000000000000100000001000000000000000300000001000000020000000300000001
00000001000000000000000000000000000000000000000300000000000000030000000100000002
0000000200000000