0  1
1  0
2  0
3  0
4  0
5  0
6  0
7  0
8  0
9  0
10  0
11  0
12  0
13  0
14  0
15  0
16  0
17  0
18  0
19  0
20  0
21  0
22  0
23  0
24  0
25  0
26  0
27  0
28  0
29  0
30  0
31  0
32  0
33  0
34  0
35  0
36  0
37  0
38  0
39  0
40  0
41  0
42  0
43  0
44  0
45  0
46  0
47  0
48  0
49  0
50  0
51  0
52  0
53  0
54  0
55  0
56  0
57  0
58  0
59  0
60  0
61  0
62  0
63  0
64  0
65  0
66  0
67  0
68  0
69  0
70  0
71  0
72  0
73  0
74  0
75  0
76  0
77  0
78  0
79  0
80  0
81  0
82  0
83  0
84  0
85  0
86  0
87  0
88  0
89  0
90  0
91  0
92  0
93  0
94  0
95  0
96  0
97  0
98  0
99  0
100  0
101  0
102  0
103  0
104  0
105  0
106  0
107  0
108  0
109  0
110  0
111  0
112  0
113  0
114  0
115  0
116  0
117  0
118  0
119  0
120  0
121  0
122  0
123  0
124  0
125  0
126  0
127  0
128  0
129  0
130  0
131  0
132  0
133  0
134  0
135  0
136  0
137  0
138  0
139  0
140  0
141  0
142  0
143  0
144  0
145  0
146  0
147  0
148  0
149  0
150  0
151  0
152  0
153  0
154  0
155  0
156  0
157  0
158  0
159  0
160  0
161  0
162  0
163  0
164  0
165  0
166  0
167  0
168  0
169  0
170  0
171  0
172  0
173  0
174  0
175  0
176  0
177  0
178  0
179  0
180  0
181  0
182  0
183  0
184  0
185  0
186  0
187  0
188  0
189  0
190  0
191  0
192  0
193  0
194  0
195  0
196  0
197  0
198  0
199  0
200  0
201  0
202  0
203  1
204  0
205  0
206  0
207  0
208  0
209  0
210  0
211  0
212  0
213  0
214  0
215  0
216  0
217  0
218  0
219  0
220  0
221  0
222  0
223  0
224  0
225  0
226  0
227  0
228  0
229  0
230  0
231  0
232  0
233  0
234  1
235  0
236  0
237  0
238  0
239  0
240  0
241  1
242  0
243  0
244  0
245  0
246  0
247  0
248  0
249  0
250  0
251  1
252  0
253  0
254  5
255  2
256  1
257  4
258  10
259  9
260  9
261  11
262  10
263  16
264  11
265  21
266  33
267  18
268  27
269  28
270  35
271  38
272  54
273  41
274  53
275  62
276  55
277  63
278  71
279  56
280  67
281  79
282  73
283  98
284  89
285  101
286  94
287  103
288  116
289  113
290  105
291  121
292  108
293  127
294  148
295  116
296  140
297  135
298  158
299  121
300  138
301  152
302  162
303  169
304  174
305  141
306  185
307  163
308  177
309  175
310  182
311  197
312  186
313  210
314  182
315  180
316  206
317  188
318  174
319  186
320  217
321  217
322  207
323  190
324  212
325  185
326  184
327  180
328  183
329  184
330  191
331  215
332  219
333  192
334  200
335  209
336  203
337  224
338  200
339  188
340  217
341  206
342  238
343  207
344  208
345  196
346  219
347  224
348  224
349  242
350  212
351  200
352  199
353  195
354  203
355  224
356  228
357  219
358  238
359  227
360  228
361  207
362  216
363  236
364  217
365  226
366  226
367  223
368  243
369  241
370  211
371  240
372  231
373  214
374  237
375  202
376  231
377  219
378  268
379  269
380  272
381  241
382  255
383  229
384  243
385  241
386  251
387  220
388  237
389  258
390  239
391  248
392  231
393  246
394  242
395  244
396  241
397  250
398  264
399  245
400  262
401  235
402  244
403  243
404  258
405  271
406  255
407  267
408  226
409  281
410  262
411  269
412  248
413  258
414  261
415  247
416  256
417  261
418  260
419  258
420  236
421  235
422  244
423  270
424  270
425  267
426  266
427  244
428  249
429  262
430  295
431  267
432  269
433  256
434  276
435  233
436  247
437  283
438  249
439  253
440  290
441  243
442  247
443  250
444  317
445  264
446  266
447  267
448  282
449  275
450  287
451  275
452  260
453  266
454  300
455  284
456  295
457  263
458  289
459  282
460  284
461  261
462  286
463  313
464  275
465  284
466  272
467  303
468  302
469  247
470  286
471  277
472  283
473  274
474  319
475  283
476  254
477  294
478  319
479  319
480  307
481  299
482  288
483  322
484  292
485  319
486  337
487  326
488  315
489  332
490  338
491  343
492  319
493  339
494  314
495  338
496  332
497  320
498  341
499  315
500  332
501  340
502  344
503  373
504  326
505  332
506  341
507  311
508  316
509  290
510  319
511  296
512  345
513  326
514  325
515  345
516  350
517  334
518  334
519  329
520  348
521  348
522  328
523  343
524  319
525  351
526  355
527  371
528  353
529  363
530  362
531  380
532  359
533  337
534  338
535  351
536  398
537  336
538  360
539  358
540  389
541  381
542  354
543  365
544  385
545  360
546  360
547  364
548  375
549  365
550  376
551  369
552  391
553  384
554  347
555  396
556  419
557  437
558  428
559  387
560  404
561  393
562  376
563  401
564  390
565  391
566  396
567  417
568  371
569  394
570  420
571  417
572  372
573  419
574  404
575  419
576  419
577  418
578  400
579  380
580  434
581  427
582  456
583  456
584  490
585  413
586  436
587  450
588  426
589  419
590  426
591  421
592  433
593  403
594  430
595  396
596  420
597  410
598  407
599  421
600  404
601  433
602  409
603  396
604  428
605  393
606  445
607  465
608  424
609  413
610  406
611  386
612  455
613  456
614  425
615  459
616  413
617  464
618  430
619  431
620  423
621  431
622  462
623  469
624  469
625  423
626  459
627  443
628  428
629  450
630  451
631  465
632  447
633  425
634  441
635  476
636  462
637  413
638  410
639  456
640  454
641  428
642  423
643  427
644  440
645  453
646  437
647  441
648  459
649  431
650  471
651  401
652  444
653  476
654  476
655  429
656  467
657  452
658  455
659  441
660  438
661  487
662  458
663  491
664  460
665  472
666  488
667  459
668  470
669  461
670  440
671  450
672  419
673  442
674  461
675  467
676  426
677  434
678  435
679  485
680  421
681  442
682  488
683  482
684  467
685  511
686  469
687  466
688  468
689  473
690  473
691  460
692  455
693  490
694  490
695  454
696  454
697  483
698  474
699  518
700  488
701  471
702  488
703  406
704  452
705  513
706  469
707  481
708  454
709  513
710  468
711  469
712  433
713  437
714  459
715  479
716  472
717  480
718  495
719  497
720  481
721  475
722  493
723  448
724  481
725  463
726  542
727  486
728  563
729  704
730  1096
731  1775
732  3313
733  5328
734  7476
735  8438
736  8003
737  6249
738  3905
739  2091
740  1069
741  666
742  500
743  452
744  452
745  428
746  390
747  392
748  389
749  427
750  429
751  423
752  418
753  434
754  425
755  417
756  441
757  387
758  430
759  423
760  427
761  396
762  375
763  371
764  382
765  443
766  394
767  424
768  376
769  367
770  397
771  441
772  411
773  407
774  397
775  449
776  417
777  388
778  361
779  404
780  397
781  379
782  385
783  395
784  381
785  387
786  367
787  358
788  397
789  389
790  398
791  419
792  386
793  385
794  359
795  389
796  359
797  402
798  405
799  406
800  362
801  412
802  359
803  397
804  378
805  373
806  392
807  348
808  397
809  371
810  415
811  353
812  399
813  393
814  377
815  380
816  373
817  390
818  390
819  386
820  385
821  368
822  376
823  371
824  362
825  372
826  382
827  347
828  383
829  348
830  350
831  322
832  402
833  363
834  374
835  360
836  384
837  390
838  388
839  375
840  372
841  329
842  383
843  360
844  383
845  350
846  361
847  353
848  402
849  350
850  347
851  330
852  347
853  388
854  360
855  401
856  383
857  338
858  355
859  362
860  412
861  362
862  338
863  390
864  374
865  359
866  368
867  352
868  357
869  384
870  346
871  395
872  378
873  377
874  392
875  362
876  327
877  360
878  385
879  374
880  368
881  358
882  364
883  323
884  378
885  390
886  342
887  354
888  338
889  384
890  336
891  351
892  370
893  361
894  330
895  369
896  370
897  378
898  345
899  345
900  407
901  338
902  336
903  362
904  315
905  331
906  345
907  345
908  335
909  310
910  370
911  328
912  290
913  320
914  336
915  324
916  355
917  354
918  325
919  353
920  346
921  339
922  339
923  297
924  340
925  319
926  318
927  346
928  316
929  302
930  324
931  326
932  320
933  346
934  341
935  333
936  313
937  327
938  324
939  313
940  355
941  314
942  336
943  345
944  316
945  326
946  338
947  354
948  322
949  308
950  314
951  331
952  337
953  353
954  328
955  318
956  317
957  308
958  298
959  304
960  306
961  311
962  291
963  299
964  327
965  313
966  314
967  268
968  335
969  354
970  304
971  306
972  309
973  310
974  325
975  290
976  326
977  316
978  274
979  285
980  329
981  312
982  296
983  301
984  289
985  343
986  315
987  281
988  298
989  299
990  314
991  308
992  315
993  290
994  295
995  287
996  299
997  312
998  295
999  297
1000  282
1001  309
1002  325
1003  285
1004  289
1005  319
1006  304
1007  301
1008  300
1009  272
1010  279
1011  294
1012  281
1013  326
1014  297
1015  296
1016  287
1017  273
1018  311
1019  332
1020  273
1021  279
1022  299
1023  272
1024  295
1025  278
1026  292
1027  269
1028  323
1029  292
1030  287
1031  299
1032  301
1033  267
1034  289
1035  265
1036  278
1037  298
1038  260
1039  283
1040  339
1041  289
1042  266
1043  276
1044  318
1045  291
1046  253
1047  274
1048  319
1049  308
1050  317
1051  277
1052  298
1053  316
1054  311
1055  295
1056  273
1057  315
1058  285
1059  338
1060  294
1061  325
1062  342
1063  312
1064  322
1065  305
1066  274
1067  263
1068  292
1069  271
1070  290
1071  330
1072  254
1073  293
1074  277
1075  244
1076  235
1077  238
1078  261
1079  278
1080  268
1081  281
1082  261
1083  268
1084  259
1085  256
1086  239
1087  256
1088  266
1089  270
1090  249
1091  265
1092  278
1093  257
1094  251
1095  275
1096  268
1097  242
1098  301
1099  238
1100  248
1101  302
1102  243
1103  277
1104  256
1105  231
1106  248
1107  270
1108  281
1109  253
1110  253
1111  256
1112  277
1113  242
1114  260
1115  238
1116  259
1117  254
1118  267
1119  261
1120  255
1121  259
1122  235
1123  256
1124  259
1125  252
1126  241
1127  266
1128  256
1129  224
1130  246
1131  261
1132  243
1133  268
1134  237
1135  248
1136  227
1137  223
1138  233
1139  237
1140  212
1141  198
1142  227
1143  245
1144  233
1145  226
1146  253
1147  253
1148  227
1149  207
1150  247
1151  241
1152  228
1153  211
1154  227
1155  228
1156  225
1157  226
1158  234
1159  268
1160  222
1161  239
1162  228
1163  223
1164  222
1165  229
1166  220
1167  195
1168  257
1169  215
1170  243
1171  212
1172  218
1173  211
1174  205
1175  214
1176  216
1177  219
1178  244
1179  255
1180  247
1181  227
1182  228
1183  205
1184  211
1185  194
1186  211
1187  217
1188  235
1189  219
1190  221
1191  203
1192  213
1193  215
1194  212
1195  213
1196  237
1197  222
1198  211
1199  223
1200  214
1201  185
1202  197
1203  200
1204  195
1205  221
1206  200
1207  207
1208  227
1209  205
1210  219
1211  206
1212  225
1213  207
1214  190
1215  225
1216  212
1217  201
1218  237
1219  216
1220  206
1221  212
1222  182
1223  197
1224  195
1225  173
1226  188
1227  199
1228  179
1229  208
1230  214
1231  215
1232  192
1233  196
1234  205
1235  222
1236  187
1237  191
1238  184
1239  174
1240  191
1241  183
1242  193
1243  198
1244  199
1245  218
1246  162
1247  216
1248  176
1249  203
1250  190
1251  201
1252  205
1253  215
1254  191
1255  180
1256  211
1257  204
1258  173
1259  214
1260  200
1261  160
1262  204
1263  187
1264  214
1265  204
1266  194
1267  196
1268  196
1269  215
1270  201
1271  182
1272  198
1273  203
1274  174
1275  167
1276  204
1277  200
1278  204
1279  178
1280  166
1281  177
1282  193
1283  171
1284  183
1285  183
1286  184
1287  208
1288  168
1289  170
1290  161
1291  173
1292  196
1293  199
1294  179
1295  173
1296  189
1297  179
1298  184
1299  200
1300  196
1301  175
1302  175
1303  165
1304  162
1305  174
1306  159
1307  172
1308  172
1309  193
1310  193
1311  191
1312  189
1313  195
1314  159
1315  169
1316  174
1317  181
1318  167
1319  156
1320  173
1321  174
1322  202
1323  214
1324  255
1325  326
1326  327
1327  328
1328  302
1329  298
1330  203
1331  220
1332  191
1333  170
1334  180
1335  177
1336  173
1337  210
1338  180
1339  193
1340  198
1341  207
1342  190
1343  212
1344  186
1345  191
1346  196
1347  166
1348  155
1349  189
1350  172
1351  253
1352  330
1353  592
1354  806
1355  1113
1356  1408
1357  1337
1358  1188
1359  908
1360  603
1361  379
1362  269
1363  171
1364  138
1365  164
1366  133
1367  180
1368  158
1369  175
1370  161
1371  160
1372  124
1373  158
1374  157
1375  150
1376  159
1377  146
1378  148
1379  152
1380  129
1381  144
1382  136
1383  155
1384  142
1385  137
1386  153
1387  130
1388  138
1389  131
1390  177
1391  148
1392  154
1393  156
1394  152
1395  151
1396  141
1397  130
1398  152
1399  138
1400  133
1401  153
1402  144
1403  132
1404  160
1405  145
1406  155
1407  127
1408  153
1409  144
1410  139
1411  145
1412  151
1413  151
1414  143
1415  163
1416  152
1417  150
1418  133
1419  122
1420  130
1421  157
1422  133
1423  156
1424  121
1425  142
1426  121
1427  136
1428  130
1429  158
1430  145
1431  155
1432  140
1433  128
1434  120
1435  132
1436  138
1437  136
1438  140
1439  141
1440  135
1441  134
1442  127
1443  110
1444  163
1445  119
1446  126
1447  144
1448  135
1449  116
1450  117
1451  110
1452  136
1453  144
1454  132
1455  126
1456  153
1457  139
1458  123
1459  104
1460  131
1461  122
1462  115
1463  148
1464  119
1465  136
1466  141
1467  132
1468  122
1469  115
1470  121
1471  125
1472  121
1473  124
1474  126
1475  110
1476  120
1477  154
1478  134
1479  132
1480  138
1481  125
1482  139
1483  143
1484  138
1485  142
1486  166
1487  128
1488  129
1489  164
1490  148
1491  148
1492  127
1493  134
1494  126
1495  124
1496  105
1497  128
1498  144
1499  114
1500  143
1501  120
1502  124
1503  130
1504  113
1505  115
1506  120
1507  117
1508  117
1509  120
1510  110
1511  139
1512  141
1513  107
1514  122
1515  128
1516  120
1517  118
1518  117
1519  147
1520  127
1521  135
1522  135
1523  114
1524  117
1525  133
1526  105
1527  116
1528  129
1529  111
1530  93
1531  118
1532  128
1533  138
1534  103
1535  135
1536  145
1537  117
1538  125
1539  122
1540  102
1541  102
1542  121
1543  111
1544  117
1545  110
1546  108
1547  133
1548  115
1549  106
1550  118
1551  103
1552  128
1553  122
1554  108
1555  91
1556  126
1557  124
1558  129
1559  100
1560  107
1561  115
1562  110
1563  115
1564  103
1565  119
1566  127
1567  111
1568  98
1569  139
1570  80
1571  104
1572  105
1573  132
1574  121
1575  100
1576  112
1577  111
1578  111
1579  96
1580  116
1581  111
1582  113
1583  125
1584  115
1585  121
1586  95
1587  111
1588  104
1589  89
1590  111
1591  118
1592  120
1593  105
1594  101
1595  106
1596  117
1597  109
1598  113
1599  121
1600  108
1601  113
1602  100
1603  97
1604  87
1605  112
1606  120
1607  143
1608  163
1609  203
1610  214
1611  218
1612  237
1613  232
1614  181
1615  187
1616  173
1617  142
1618  112
1619  115
1620  111
1621  110
1622  118
1623  105
1624  103
1625  86
1626  106
1627  93
1628  89
1629  99
1630  99
1631  98
1632  108
1633  105
1634  108
1635  131
1636  120
1637  109
1638  94
1639  96
1640  101
1641  116
1642  102
1643  112
1644  111
1645  109
1646  92
1647  94
1648  92
1649  111
1650  101
1651  91
1652  115
1653  101
1654  83
1655  110
1656  107
1657  98
1658  98
1659  97
1660  120
1661  100
1662  93
1663  91
1664  109
1665  97
1666  111
1667  76
1668  94
1669  106
1670  96
1671  126
1672  104
1673  83
1674  94
1675  105
1676  94
1677  95
1678  92
1679  106
1680  94
1681  83
1682  113
1683  91
1684  91
1685  100
1686  88
1687  94
1688  101
1689  88
1690  103
1691  93
1692  86
1693  91
1694  103
1695  116
1696  110
1697  102
1698  95
1699  80
1700  94
1701  92
1702  93
1703  107
1704  107
1705  96
1706  85
1707  94
1708  106
1709  96
1710  103
1711  93
1712  80
1713  91
1714  90
1715  112
1716  98
1717  105
1718  89
1719  103
1720  115
1721  102
1722  79
1723  82
1724  91
1725  110
1726  96
1727  95
1728  86
1729  110
1730  88
1731  105
1732  101
1733  91
1734  98
1735  88
1736  93
1737  70
1738  89
1739  90
1740  77
1741  74
1742  97
1743  99
1744  87
1745  98
1746  97
1747  91
1748  108
1749  86
1750  81
1751  86
1752  85
1753  118
1754  97
1755  79
1756  93
1757  89
1758  103
1759  99
1760  99
1761  79
1762  90
1763  100
1764  75
1765  83
1766  105
1767  82
1768  101
1769  89
1770  97
1771  91
1772  94
1773  85
1774  99
1775  93
1776  99
1777  109
1778  85
1779  86
1780  94
1781  96
1782  96
1783  105
1784  83
1785  87
1786  85
1787  81
1788  84
1789  86
1790  92
1791  89
1792  78
1793  80
1794  100
1795  91
1796  86
1797  104
1798  96
1799  99
1800  85
1801  99
1802  79
1803  91
1804  81
1805  97
1806  106
1807  91
1808  81
1809  77
1810  81
1811  88
1812  89
1813  91
1814  82
1815  86
1816  88
1817  78
1818  80
1819  82
1820  83
1821  83
1822  86
1823  113
1824  102
1825  118
1826  125
1827  102
1828  114
1829  109
1830  91
1831  88
1832  74
1833  74
1834  96
1835  89
1836  116
1837  87
1838  91
1839  84
1840  77
1841  58
1842  88
1843  88
1844  94
1845  92
1846  96
1847  95
1848  113
1849  188
1850  321
1851  493
1852  871
1853  1391
1854  1877
1855  2413
1856  2457
1857  2543
1858  2086
1859  1361
1860  826
1861  461
1862  274
1863  138
1864  95
1865  90
1866  100
1867  68
1868  79
1869  68
1870  74
1871  87
1872  69
1873  79
1874  78
1875  72
1876  78
1877  93
1878  83
1879  70
1880  71
1881  77
1882  60
1883  75
1884  66
1885  80
1886  85
1887  79
1888  72
1889  87
1890  114
1891  134
1892  145
1893  203
1894  226
1895  246
1896  229
1897  192
1898  133
1899  110
1900  87
1901  99
1902  67
1903  61
1904  73
1905  78
1906  67
1907  78
1908  77
1909  72
1910  70
1911  69
1912  57
1913  66
1914  61
1915  65
1916  81
1917  76
1918  54
1919  74
1920  65
1921  51
1922  70
1923  76
1924  67
1925  61
1926  63
1927  69
1928  69
1929  70
1930  67
1931  76
1932  76
1933  61
1934  72
1935  64
1936  68
1937  59
1938  66
1939  66
1940  71
1941  69
1942  65
1943  68
1944  83
1945  67
1946  80
1947  68
1948  78
1949  65
1950  60
1951  71
1952  78
1953  78
1954  78
1955  61
1956  71
1957  64
1958  66
1959  73
1960  65
1961  56
1962  73
1963  68
1964  82
1965  66
1966  88
1967  88
1968  84
1969  110
1970  82
1971  114
1972  129
1973  123
1974  147
1975  117
1976  124
1977  97
1978  96
1979  72
1980  52
1981  53
1982  62
1983  66
1984  75
1985  72
1986  62
1987  73
1988  61
1989  72
1990  70
1991  63
1992  71
1993  71
1994  65
1995  51
1996  68
1997  65
1998  60
1999  51
2000  57
2001  61
2002  61
2003  65
2004  58
2005  55
2006  74
2007  67
2008  62
2009  71
2010  74
2011  54
2012  72
2013  63
2014  76
2015  64
2016  65
2017  54
2018  67
2019  66
2020  60
2021  79
2022  67
2023  91
2024  59
2025  64
2026  67
2027  61
2028  69
2029  59
2030  54
2031  72
2032  78
2033  64
2034  58
2035  62
2036  74
2037  68
2038  64
2039  65
2040  61
2041  76
2042  68
2043  48
2044  55
2045  67
2046  65
2047  59
2048  67
2049  70
2050  63
2051  67
2052  58
2053  81
2054  52
2055  64
2056  50
2057  57
2058  76
2059  65
2060  65
2061  64
2062  61
2063  69
2064  81
2065  68
2066  53
2067  79
2068  69
2069  58
2070  70
2071  57
2072  65
2073  61
2074  69
2075  69
2076  62
2077  64
2078  56
2079  73
2080  75
2081  65
2082  60
2083  61
2084  53
2085  72
2086  50
2087  58
2088  67
2089  69
2090  64
2091  59
2092  66
2093  47
2094  54
2095  64
2096  64
2097  50
2098  66
2099  61
2100  71
2101  59
2102  53
2103  63
2104  64
2105  56
2106  55
2107  50
2108  71
2109  49
2110  56
2111  61
2112  62
2113  58
2114  52
2115  64
2116  57
2117  58
2118  69
2119  76
2120  54
2121  49
2122  69
2123  60
2124  61
2125  78
2126  54
2127  42
2128  61
2129  67
2130  58
2131  56
2132  55
2133  63
2134  79
2135  64
2136  54
2137  58
2138  58
2139  59
2140  60
2141  68
2142  68
2143  62
2144  63
2145  73
2146  63
2147  56
2148  46
2149  57
2150  61
2151  55
2152  61
2153  55
2154  65
2155  57
2156  64
2157  54
2158  69
2159  51
2160  59
2161  67
2162  55
2163  55
2164  59
2165  61
2166  46
2167  66
2168  67
2169  69
2170  67
2171  61
2172  59
2173  52
2174  55
2175  58
2176  58
2177  54
2178  69
2179  58
2180  73
2181  81
2182  63
2183  56
2184  68
2185  93
2186  97
2187  120
2188  153
2189  191
2190  240
2191  214
2192  181
2193  170
2194  122
2195  97
2196  78
2197  47
2198  60
2199  53
2200  60
2201  51
2202  64
2203  54
2204  53
2205  45
2206  65
2207  61
2208  67
2209  58
2210  61
2211  73
2212  59
2213  67
2214  81
2215  57
2216  68
2217  61
2218  72
2219  53
2220  68
2221  59
2222  52
2223  47
2224  56
2225  59
2226  48
2227  56
2228  53
2229  58
2230  64
2231  61
2232  51
2233  39
2234  55
2235  43
2236  52
2237  64
2238  58
2239  72
2240  56
2241  63
2242  57
2243  58
2244  64
2245  51
2246  45
2247  57
2248  45
2249  33
2250  58
2251  56
2252  40
2253  49
2254  70
2255  55
2256  52
2257  63
2258  64
2259  53
2260  52
2261  53
2262  50
2263  63
2264  61
2265  44
2266  59
2267  58
2268  55
2269  59
2270  57
2271  53
2272  52
2273  58
2274  63
2275  43
2276  40
2277  70
2278  54
2279  55
2280  63
2281  58
2282  51
2283  57
2284  50
2285  46
2286  56
2287  42
2288  60
2289  61
2290  59
2291  53
2292  53
2293  50
2294  61
2295  57
2296  54
2297  61
2298  44
2299  64
2300  57
2301  61
2302  51
2303  62
2304  64
2305  57
2306  54
2307  53
2308  53
2309  63
2310  65
2311  63
2312  56
2313  55
2314  50
2315  52
2316  54
2317  55
2318  58
2319  57
2320  56
2321  62
2322  45
2323  46
2324  58
2325  53
2326  52
2327  60
2328  59
2329  64
2330  72
2331  51
2332  56
2333  43
2334  60
2335  52
2336  63
2337  43
2338  58
2339  63
2340  51
2341  53
2342  54
2343  57
2344  47
2345  62
2346  57
2347  46
2348  78
2349  76
2350  95
2351  133
2352  155
2353  206
2354  225
2355  245
2356  247
2357  195
2358  169
2359  119
2360  95
2361  61
2362  57
2363  50
2364  40
2365  66
2366  49
2367  51
2368  67
2369  51
2370  53
2371  65
2372  55
2373  48
2374  43
2375  43
2376  41
2377  49
2378  45
2379  50
2380  58
2381  59
2382  56
2383  60
2384  54
2385  49
2386  39
2387  46
2388  50
2389  49
2390  53
2391  59
2392  40
2393  48
2394  51
2395  51
2396  38
2397  55
2398  46
2399  58
2400  49
2401  61
2402  53
2403  57
2404  59
2405  52
2406  59
2407  63
2408  45
2409  49
2410  48
2411  54
2412  50
2413  42
2414  57
2415  42
2416  51
2417  49
2418  55
2419  59
2420  40
2421  41
2422  36
2423  45
2424  54
2425  48
2426  48
2427  50
2428  49
2429  55
2430  58
2431  55
2432  55
2433  58
2434  45
2435  64
2436  55
2437  45
2438  51
2439  66
2440  47
2441  53
2442  53
2443  52
2444  56
2445  60
2446  40
2447  55
2448  46
2449  60
2450  66
2451  62
2452  58
2453  57
2454  67
2455  59
2456  50
2457  64
2458  49
2459  52
2460  64
2461  50
2462  41
2463  57
2464  53
2465  55
2466  55
2467  46
2468  56
2469  52
2470  44
2471  47
2472  66
2473  42
2474  52
2475  50
2476  44
2477  49
2478  52
2479  38
2480  62
2481  39
2482  43
2483  45
2484  65
2485  45
2486  59
2487  47
2488  53
2489  50
2490  57
2491  44
2492  35
2493  65
2494  56
2495  52
2496  47
2497  57
2498  40
2499  42
2500  60
2501  52
2502  41
2503  41
2504  37
2505  46
2506  44
2507  50
2508  54
2509  47
2510  58
2511  46
2512  58
2513  56
2514  49
2515  42
2516  43
2517  47
2518  44
2519  46
2520  55
2521  45
2522  44
2523  50
2524  39
2525  58
2526  38
2527  52
2528  51
2529  42
2530  37
2531  46
2532  53
2533  50
2534  54
2535  47
2536  43
2537  57
2538  52
2539  43
2540  60
2541  38
2542  59
2543  49
2544  46
2545  33
2546  60
2547  35
2548  46
2549  54
2550  30
2551  49
2552  53
2553  49
2554  49
2555  65
2556  49
2557  40
2558  44
2559  55
2560  58
2561  59
2562  50
2563  42
2564  59
2565  46
2566  50
2567  50
2568  56
2569  63
2570  56
2571  51
2572  56
2573  37
2574  49
2575  71
2576  67
2577  79
2578  72
2579  88
2580  65
2581  56
2582  65
2583  58
2584  51
2585  58
2586  44
2587  54
2588  43
2589  50
2590  52
2591  33
2592  55
2593  39
2594  42
2595  59
2596  36
2597  49
2598  54
2599  37
2600  52
2601  50
2602  66
2603  46
2604  49
2605  52
2606  54
2607  28
2608  50
2609  50
2610  50
2611  43
2612  47
2613  47
2614  54
2615  51
2616  45
2617  49
2618  61
2619  54
2620  46
2621  46
2622  43
2623  42
2624  39
2625  50
2626  36
2627  54
2628  45
2629  59
2630  57
2631  54
2632  48
2633  50
2634  37
2635  46
2636  34
2637  48
2638  39
2639  42
2640  44
2641  44
2642  57
2643  58
2644  55
2645  49
2646  58
2647  38
2648  43
2649  50
2650  51
2651  49
2652  65
2653  53
2654  66
2655  49
2656  61
2657  44
2658  43
2659  64
2660  49
2661  35
2662  38
2663  57
2664  56
2665  47
2666  44
2667  43
2668  58
2669  47
2670  39
2671  57
2672  64
2673  42
2674  51
2675  54
2676  48
2677  57
2678  57
2679  54
2680  47
2681  57
2682  54
2683  58
2684  72
2685  59
2686  54
2687  86
2688  81
2689  66
2690  81
2691  63
2692  87
2693  66
2694  68
2695  61
2696  53
2697  61
2698  53
2699  50
2700  53
2701  35
2702  54
2703  37
2704  52
2705  47
2706  41
2707  44
2708  57
2709  42
2710  47
2711  53
2712  43
2713  44
2714  55
2715  49
2716  51
2717  48
2718  40
2719  55
2720  54
2721  52
2722  51
2723  49
2724  47
2725  37
2726  53
2727  44
2728  49
2729  53
2730  56
2731  37
2732  53
2733  46
2734  47
2735  48
2736  57
2737  48
2738  51
2739  43
2740  47
2741  43
2742  51
2743  62
2744  40
2745  44
2746  56
2747  50
2748  53
2749  50
2750  47
2751  63
2752  35
2753  45
2754  47
2755  40
2756  51
2757  44
2758  55
2759  60
2760  35
2761  45
2762  57
2763  52
2764  46
2765  56
2766  45
2767  50
2768  42
2769  67
2770  40
2771  50
2772  39
2773  45
2774  44
2775  56
2776  55
2777  49
2778  40
2779  46
2780  55
2781  50
2782  52
2783  52
2784  55
2785  52
2786  47
2787  49
2788  32
2789  52
2790  44
2791  53
2792  35
2793  33
2794  56
2795  47
2796  40
2797  48
2798  41
2799  38
2800  46
2801  40
2802  48
2803  50
2804  45
2805  48
2806  52
2807  42
2808  44
2809  54
2810  50
2811  43
2812  46
2813  48
2814  40
2815  43
2816  50
2817  34
2818  40
2819  51
2820  41
2821  50
2822  44
2823  39
2824  50
2825  36
2826  47
2827  50
2828  48
2829  45
2830  48
2831  43
2832  45
2833  52
2834  43
2835  36
2836  42
2837  41
2838  46
2839  34
2840  55
2841  50
2842  35
2843  61
2844  62
2845  61
2846  58
2847  37
2848  46
2849  46
2850  47
2851  47
2852  47
2853  45
2854  43
2855  41
2856  40
2857  48
2858  51
2859  44
2860  40
2861  55
2862  34
2863  33
2864  41
2865  42
2866  51
2867  45
2868  52
2869  50
2870  52
2871  38
2872  47
2873  41
2874  48
2875  50
2876  34
2877  40
2878  52
2879  57
2880  27
2881  42
2882  46
2883  43
2884  52
2885  57
2886  65
2887  55
2888  34
2889  35
2890  41
2891  40
2892  43
2893  38
2894  45
2895  51
2896  39
2897  40
2898  40
2899  38
2900  42
2901  48
2902  41
2903  47
2904  41
2905  44
2906  63
2907  41
2908  51
2909  51
2910  45
2911  45
2912  52
2913  51
2914  41
2915  45
2916  58
2917  51
2918  51
2919  45
2920  48
2921  55
2922  48
2923  44
2924  46
2925  37
2926  43
2927  58
2928  48
2929  52
2930  50
2931  39
2932  57
2933  49
2934  36
2935  46
2936  35
2937  56
2938  56
2939  50
2940  46
2941  48
2942  41
2943  38
2944  55
2945  55
2946  48
2947  51
2948  53
2949  51
2950  46
2951  66
2952  64
2953  60
2954  73
2955  64
2956  67
2957  76
2958  60
2959  46
2960  54
2961  52
2962  52
2963  62
2964  57
2965  56
2966  50
2967  49
2968  42
2969  40
2970  32
2971  39
2972  39
2973  45
2974  53
2975  56
2976  50
2977  40
2978  54
2979  44
2980  39
2981  42
2982  44
2983  48
2984  65
2985  47
2986  40
2987  42
2988  50
2989  56
2990  32
2991  54
2992  43
2993  48
2994  41
2995  38
2996  53
2997  48
2998  46
2999  44
3000  37
3001  36
3002  46
3003  39
3004  45
3005  50
3006  31
3007  54
3008  45
3009  46
3010  47
3011  42
3012  45
3013  41
3014  53
3015  46
3016  40
3017  34
3018  39
3019  42
3020  50
3021  46
3022  43
3023  41
3024  42
3025  58
3026  60
3027  46
3028  48
3029  57
3030  49
3031  52
3032  46
3033  46
3034  40
3035  39
3036  42
3037  53
3038  43
3039  56
3040  35
3041  41
3042  45
3043  38
3044  54
3045  38
3046  64
3047  47
3048  76
3049  81
3050  96
3051  105
3052  96
3053  89
3054  79
3055  81
3056  52
3057  45
3058  36
3059  44
3060  46
3061  43
3062  46
3063  57
3064  67
3065  62
3066  49
3067  60
3068  62
3069  57
3070  53
3071  44
3072  51
3073  40
3074  44
3075  44
3076  43
3077  49
3078  34
3079  40
3080  45
3081  42
3082  49
3083  34
3084  48
3085  31
3086  47
3087  37
3088  45
3089  30
3090  42
3091  49
3092  55
3093  37
3094  47
3095  50
3096  38
3097  43
3098  47
3099  40
3100  33
3101  39
3102  47
3103  33
3104  52
3105  37
3106  55
3107  41
3108  36
3109  40
3110  46
3111  56
3112  44
3113  43
3114  49
3115  44
3116  48
3117  49
3118  39
3119  33
3120  47
3121  35
3122  44
3123  43
3124  58
3125  34
3126  45
3127  54
3128  44
3129  44
3130  45
3131  38
3132  46
3133  46
3134  45
3135  33
3136  47
3137  34
3138  43
3139  34
3140  38
3141  49
3142  40
3143  41
3144  37
3145  46
3146  27
3147  50
3148  33
3149  43
3150  44
3151  36
3152  41
3153  28
3154  35
3155  31
3156  43
3157  41
3158  41
3159  37
3160  59
3161  37
3162  40
3163  42
3164  44
3165  39
3166  34
3167  38
3168  37
3169  41
3170  38
3171  35
3172  46
3173  53
3174  48
3175  47
3176  41
3177  76
3178  87
3179  113
3180  136
3181  148
3182  167
3183  151
3184  139
3185  110
3186  85
3187  55
3188  55
3189  48
3190  42
3191  39
3192  49
3193  40
3194  45
3195  31
3196  36
3197  47
3198  38
3199  38
3200  37
3201  36
3202  43
3203  34
3204  42
3205  33
3206  40
3207  31
3208  39
3209  35
3210  42
3211  46
3212  43
3213  38
3214  36
3215  45
3216  35
3217  41
3218  36
3219  47
3220  41
3221  39
3222  37
3223  42
3224  34
3225  38
3226  35
3227  32
3228  42
3229  43
3230  39
3231  35
3232  37
3233  51
3234  33
3235  31
3236  44
3237  34
3238  44
3239  38
3240  38
3241  36
3242  36
3243  32
3244  39
3245  47
3246  37
3247  39
3248  28
3249  40
3250  36
3251  40
3252  38
3253  30
3254  38
3255  43
3256  25
3257  34
3258  40
3259  30
3260  35
3261  32
3262  39
3263  37
3264  50
3265  36
3266  32
3267  41
3268  37
3269  36
3270  34
3271  45
3272  33
3273  37
3274  33
3275  42
3276  38
3277  37
3278  39
3279  34
3280  42
3281  45
3282  33
3283  35
3284  32
3285  46
3286  25
3287  40
3288  36
3289  32
3290  40
3291  42
3292  26
3293  36
3294  32
3295  35
3296  44
3297  37
3298  35
3299  28
3300  43
3301  38
3302  39
3303  34
3304  41
3305  27
3306  39
3307  39
3308  44
3309  45
3310  30
3311  45
3312  43
3313  40
3314  38
3315  34
3316  38
3317  44
3318  35
3319  28
3320  39
3321  34
3322  30
3323  25
3324  36
3325  38
3326  36
3327  34
3328  38
3329  43
3330  38
3331  37
3332  32
3333  44
3334  41
3335  35
3336  37
3337  49
3338  32
3339  33
3340  46
3341  34
3342  27
3343  30
3344  41
3345  26
3346  44
3347  45
3348  41
3349  43
3350  36
3351  39
3352  38
3353  47
3354  41
3355  29
3356  34
3357  37
3358  51
3359  39
3360  40
3361  39
3362  28
3363  35
3364  41
3365  34
3366  39
3367  47
3368  41
3369  45
3370  42
3371  40
3372  35
3373  38
3374  34
3375  35
3376  43
3377  35
3378  40
3379  34
3380  45
3381  41
3382  37
3383  30
3384  33
3385  33
3386  34
3387  37
3388  36
3389  31
3390  34
3391  31
3392  28
3393  38
3394  34
3395  38
3396  28
3397  36
3398  26
3399  40
3400  31
3401  29
3402  29
3403  35
3404  36
3405  33
3406  24
3407  36
3408  36
3409  39
3410  46
3411  33
3412  46
3413  33
3414  42
3415  55
3416  39
3417  34
3418  41
3419  43
3420  39
3421  48
3422  42
3423  43
3424  31
3425  40
3426  37
3427  38
3428  32
3429  37
3430  40
3431  40
3432  33
3433  38
3434  36
3435  42
3436  25
3437  33
3438  40
3439  37
3440  36
3441  30
3442  37
3443  45
3444  37
3445  42
3446  32
3447  29
3448  47
3449  24
3450  43
3451  33
3452  39
3453  39
3454  39
3455  42
3456  35
3457  32
3458  34
3459  47
3460  31
3461  25
3462  49
3463  41
3464  40
3465  32
3466  30
3467  33
3468  39
3469  45
3470  28
3471  34
3472  53
3473  31
3474  39
3475  31
3476  37
3477  38
3478  35
3479  33
3480  39
3481  48
3482  40
3483  39
3484  36
3485  38
3486  27
3487  41
3488  52
3489  35
3490  34
3491  36
3492  34
3493  35
3494  37
3495  45
3496  40
3497  43
3498  34
3499  36
3500  36
3501  42
3502  29
3503  30
3504  34
3505  36
3506  27
3507  44
3508  30
3509  40
3510  39
3511  38
3512  41
3513  32
3514  29
3515  30
3516  36
3517  33
3518  36
3519  39
3520  36
3521  36
3522  36
3523  42
3524  50
3525  42
3526  45
3527  50
3528  48
3529  43
3530  38
3531  35
3532  39
3533  35
3534  32
3535  28
3536  37
3537  40
3538  37
3539  25
3540  36
3541  35
3542  32
3543  37
3544  37
3545  30
3546  29
3547  32
3548  30
3549  35
3550  39
3551  40
3552  24
3553  34
3554  36
3555  25
3556  37
3557  30
3558  36
3559  31
3560  35
3561  31
3562  32
3563  25
3564  37
3565  32
3566  37
3567  41
3568  50
3569  39
3570  31
3571  31
3572  42
3573  32
3574  45
3575  64
3576  64
3577  60
3578  61
3579  58
3580  66
3581  44
3582  49
3583  58
3584  54
3585  28
3586  31
3587  38
3588  34
3589  29
3590  38
3591  30
3592  34
3593  28
3594  35
3595  31
3596  30
3597  44
3598  30
3599  29
3600  29
3601  40
3602  34
3603  30
3604  33
3605  36
3606  32
3607  37
3608  23
3609  35
3610  35
3611  44
3612  32
3613  34
3614  33
3615  47
3616  40
3617  31
3618  28
3619  28
3620  30
3621  37
3622  39
3623  44
3624  34
3625  37
3626  41
3627  29
3628  50
3629  26
3630  40
3631  29
3632  38
3633  39
3634  32
3635  28
3636  30
3637  35
3638  35
3639  31
3640  37
3641  31
3642  23
3643  39
3644  26
3645  31
3646  27
3647  33
3648  33
3649  42
3650  36
3651  36
3652  29
3653  34
3654  33
3655  43
3656  39
3657  41
3658  24
3659  32
3660  28
3661  40
3662  18
3663  31
3664  28
3665  26
3666  27
3667  39
3668  25
3669  32
3670  37
3671  39
3672  33
3673  30
3674  30
3675  36
3676  32
3677  35
3678  36
3679  32
3680  40
3681  36
3682  44
3683  30
3684  53
3685  30
3686  33
3687  27
3688  36
3689  34
3690  30
3691  40
3692  36
3693  36
3694  37
3695  35
3696  31
3697  30
3698  40
3699  47
3700  27
3701  38
3702  34
3703  38
3704  33
3705  37
3706  32
3707  36
3708  39
3709  23
3710  29
3711  35
3712  35
3713  38
3714  43
3715  26
3716  37
3717  32
3718  55
3719  33
3720  35
3721  39
3722  37
3723  38
3724  28
3725  37
3726  36
3727  33
3728  47
3729  41
3730  52
3731  45
3732  44
3733  49
3734  39
3735  38
3736  32
3737  44
3738  35
3739  33
3740  30
3741  34
3742  33
3743  40
3744  37
3745  35
3746  38
3747  39
3748  37
3749  35
3750  40
3751  42
3752  32
3753  37
3754  36
3755  44
3756  33
3757  45
3758  29
3759  32
3760  39
3761  34
3762  40
3763  34
3764  38
3765  30
3766  39
3767  45
3768  35
3769  38
3770  62
3771  58
3772  54
3773  43
3774  36
3775  37
3776  37
3777  43
3778  41
3779  35
3780  27
3781  43
3782  34
3783  38
3784  37
3785  32
3786  40
3787  28
3788  24
3789  45
3790  42
3791  36
3792  26
3793  28
3794  35
3795  25
3796  37
3797  26
3798  36
3799  34
3800  35
3801  39
3802  35
3803  32
3804  36
3805  36
3806  31
3807  36
3808  37
3809  38
3810  27
3811  34
3812  29
3813  34
3814  37
3815  28
3816  40
3817  39
3818  38
3819  31
3820  28
3821  32
3822  35
3823  35
3824  42
3825  26
3826  26
3827  33
3828  43
3829  36
3830  32
3831  36
3832  39
3833  47
3834  22
3835  29
3836  38
3837  35
3838  38
3839  43
3840  35
3841  37
3842  27
3843  37
3844  24
3845  37
3846  31
3847  43
3848  39
3849  23
3850  37
3851  38
3852  31
3853  36
3854  31
3855  35
3856  30
3857  45
3858  27
3859  37
3860  21
3861  38
3862  38
3863  31
3864  44
3865  28
3866  27
3867  22
3868  37
3869  15
3870  36
3871  30
3872  34
3873  41
3874  30
3875  41
3876  29
3877  33
3878  36
3879  35
3880  27
3881  27
3882  34
3883  34
3884  35
3885  35
3886  33
3887  27
3888  40
3889  29
3890  47
3891  36
3892  38
3893  45
3894  33
3895  29
3896  39
3897  27
3898  30
3899  33
3900  30
3901  30
3902  35
3903  30
3904  32
3905  36
3906  42
3907  40
3908  41
3909  38
3910  39
3911  44
3912  33
3913  36
3914  44
3915  31
3916  36
3917  35
3918  37
3919  43
3920  34
3921  28
3922  34
3923  21
3924  40
3925  42
3926  31
3927  40
3928  29
3929  41
3930  32
3931  34
3932  27
3933  40
3934  38
3935  34
3936  42
3937  30
3938  29
3939  32
3940  32
3941  44
3942  34
3943  28
3944  33
3945  32
3946  25
3947  27
3948  28
3949  20
3950  30
3951  43
3952  41
3953  23
3954  35
3955  23
3956  38
3957  36
3958  29
3959  33
3960  40
3961  45
3962  48
3963  35
3964  31
3965  37
3966  29
3967  35
3968  39
3969  28
3970  29
3971  30
3972  29
3973  33
3974  32
3975  44
3976  36
3977  38
3978  47
3979  51
3980  42
3981  38
3982  33
3983  24
3984  29
3985  36
3986  38
3987  35
3988  26
3989  23
3990  27
3991  34
3992  30
3993  25
3994  28
3995  35
3996  31
3997  24
3998  25
3999  48
4000  28
4001  27
4002  30
4003  35
4004  24
4005  21
4006  35
4007  35
4008  20
4009  29
4010  22
4011  33
4012  30
4013  30
4014  42
4015  27
4016  31
4017  22
4018  35
4019  41
4020  49
4021  56
4022  85
4023  118
4024  122
4025  206
4026  214
4027  285
4028  348
4029  375
4030  347
4031  315
4032  276
4033  227
4034  157
4035  115
4036  76
4037  55
4038  40
4039  34
4040  26
4041  29
4042  36
4043  26
4044  29
4045  26
4046  35
4047  24
4048  36
4049  38
4050  43
4051  28
4052  29
4053  23
4054  33
4055  30
4056  23
4057  24
4058  22
4059  29
4060  36
4061  43
4062  21
4063  30
4064  36
4065  33
4066  23
4067  30
4068  29
4069  37
4070  32
4071  29
4072  32
4073  26
4074  24
4075  24
4076  25
4077  23
4078  25
4079  31
4080  33
4081  32
4082  27
4083  31
4084  25
4085  28
4086  27
4087  22
4088  30
4089  29
4090  36
4091  25
4092  22
4093  23
4094  30
4095  23
4096  33
4097  34
4098  28
4099  24
4100  31
4101  39
4102  31
4103  23
4104  26
4105  32
4106  25
4107  20
4108  26
4109  30
4110  30
4111  42
4112  29
4113  25
4114  25
4115  31
4116  30
4117  26
4118  32
4119  34
4120  29
4121  32
4122  28
4123  26
4124  26
4125  28
4126  25
4127  26
4128  34
4129  26
4130  31
4131  29
4132  31
4133  22
4134  21
4135  24
4136  26
4137  31
4138  23
4139  26
4140  32
4141  31
4142  34
4143  24
4144  33
4145  24
4146  26
4147  27
4148  24
4149  18
4150  26
4151  27
4152  23
4153  21
4154  30
4155  27
4156  36
4157  34
4158  24
4159  29
4160  18
4161  28
4162  25
4163  34
4164  27
4165  27
4166  30
4167  26
4168  38
4169  24
4170  35
4171  21
4172  27
4173  36
4174  24
4175  30
4176  29
4177  27
4178  30
4179  25
4180  35
4181  26
4182  26
4183  31
4184  26
4185  35
4186  44
4187  40
4188  27
4189  34
4190  35
4191  28
4192  30
4193  34
4194  31
4195  28
4196  39
4197  23
4198  27
4199  32
4200  35
4201  24
4202  35
4203  25
4204  33
4205  29
4206  24
4207  15
4208  32
4209  21
4210  33
4211  18
4212  23
4213  26
4214  31
4215  28
4216  26
4217  27
4218  24
4219  29
4220  29
4221  19
4222  32
4223  19
4224  34
4225  30
4226  24
4227  38
4228  28
4229  22
4230  35
4231  22
4232  32
4233  20
4234  24
4235  30
4236  30
4237  24
4238  27
4239  25
4240  26
4241  24
4242  28
4243  22
4244  18
4245  27
4246  31
4247  32
4248  30
4249  27
4250  23
4251  30
4252  28
4253  26
4254  43
4255  31
4256  33
4257  33
4258  24
4259  31
4260  31
4261  24
4262  39
4263  32
4264  31
4265  19
4266  24
4267  32
4268  36
4269  23
4270  19
4271  25
4272  25
4273  24
4274  23
4275  17
4276  26
4277  29
4278  38
4279  30
4280  29
4281  29
4282  34
4283  19
4284  33
4285  20
4286  30
4287  20
4288  26
4289  22
4290  24
4291  26
4292  28
4293  26
4294  23
4295  28
4296  23
4297  19
4298  28
4299  21
4300  21
4301  43
4302  21
4303  21
4304  35
4305  30
4306  31
4307  27
4308  24
4309  28
4310  29
4311  22
4312  29
4313  28
4314  25
4315  26
4316  18
4317  34
4318  35
4319  27
4320  22
4321  31
4322  23
4323  25
4324  29
4325  26
4326  24
4327  34
4328  38
4329  41
4330  30
4331  26
4332  34
4333  29
4334  27
4335  35
4336  20
4337  39
4338  30
4339  24
4340  31
4341  40
4342  27
4343  28
4344  30
4345  23
4346  34
4347  26
4348  26
4349  45
4350  23
4351  29
4352  37
4353  20
4354  28
4355  30
4356  27
4357  28
4358  20
4359  35
4360  31
4361  33
4362  30
4363  32
4364  24
4365  25
4366  15
4367  31
4368  30
4369  27
4370  29
4371  23
4372  28
4373  22
4374  19
4375  40
4376  17
4377  20
4378  35
4379  30
4380  38
4381  18
4382  28
4383  30
4384  25
4385  31
4386  26
4387  28
4388  30
4389  30
4390  22
4391  27
4392  22
4393  30
4394  28
4395  29
4396  26
4397  16
4398  31
4399  32
4400  28
4401  24
4402  28
4403  24
4404  23
4405  24
4406  22
4407  19
4408  31
4409  25
4410  29
4411  22
4412  29
4413  25
4414  27
4415  20
4416  21
4417  36
4418  29
4419  25
4420  37
4421  26
4422  26
4423  26
4424  27
4425  25
4426  21
4427  26
4428  32
4429  35
4430  34
4431  23
4432  32
4433  32
4434  37
4435  35
4436  23
4437  43
4438  32
4439  28
4440  34
4441  23
4442  30
4443  25
4444  34
4445  27
4446  30
4447  25
4448  26
4449  30
4450  21
4451  29
4452  24
4453  34
4454  32
4455  37
4456  30
4457  36
4458  29
4459  27
4460  20
4461  42
4462  39
4463  33
4464  43
4465  59
4466  65
4467  62
4468  72
4469  94
4470  119
4471  104
4472  122
4473  106
4474  89
4475  91
4476  56
4477  68
4478  39
4479  38
4480  33
4481  29
4482  31
4483  27
4484  27
4485  25
4486  24
4487  18
4488  26
4489  24
4490  38
4491  24
4492  29
4493  31
4494  21
4495  39
4496  26
4497  38
4498  33
4499  23
4500  33
4501  37
4502  43
4503  26
4504  32
4505  26
4506  27
4507  28
4508  34
4509  23
4510  29
4511  29
4512  28
4513  22
4514  34
4515  25
4516  21
4517  25
4518  27
4519  26
4520  26
4521  27
4522  24
4523  32
4524  24
4525  27
4526  33
4527  26
4528  25
4529  22
4530  30
4531  26
4532  35
4533  26
4534  27
4535  28
4536  38
4537  34
4538  30
4539  21
4540  31
4541  24
4542  23
4543  33
4544  12
4545  16
4546  26
4547  22
4548  37
4549  34
4550  29
4551  28
4552  23
4553  23
4554  20
4555  23
4556  24
4557  25
4558  31
4559  25
4560  27
4561  20
4562  19
4563  16
4564  26
4565  25
4566  24
4567  39
4568  22
4569  27
4570  20
4571  31
4572  31
4573  20
4574  24
4575  28
4576  24
4577  23
4578  23
4579  18
4580  32
4581  28
4582  20
4583  18
4584  29
4585  28
4586  30
4587  18
4588  17
4589  22
4590  32
4591  28
4592  22
4593  29
4594  35
4595  19
4596  22
4597  17
4598  24
4599  23
4600  27
4601  26
4602  25
4603  22
4604  25
4605  24
4606  21
4607  33
4608  25
4609  16
4610  25
4611  27
4612  30
4613  19
4614  18
4615  36
4616  31
4617  27
4618  29
4619  25
4620  28
4621  22
4622  22
4623  24
4624  20
4625  33
4626  15
4627  27
4628  28
4629  21
4630  21
4631  20
4632  33
4633  29
4634  27
4635  30
4636  21
4637  26
4638  23
4639  25
4640  26
4641  18
4642  23
4643  23
4644  24
4645  32
4646  27
4647  24
4648  21
4649  16
4650  25
4651  30
4652  23
4653  24
4654  24
4655  15
4656  24
4657  22
4658  19
4659  23
4660  27
4661  22
4662  21
4663  25
4664  19
4665  22
4666  18
4667  18
4668  28
4669  18
4670  22
4671  20
4672  25
4673  23
4674  22
4675  20
4676  18
4677  28
4678  17
4679  19
4680  24
4681  17
4682  23
4683  25
4684  29
4685  29
4686  27
4687  26
4688  44
4689  35
4690  48
4691  52
4692  47
4693  51
4694  49
4695  35
4696  28
4697  30
4698  15
4699  24
4700  22
4701  25
4702  24
4703  26
4704  21
4705  10
4706  26
4707  14
4708  18
4709  18
4710  27
4711  15
4712  19
4713  18
4714  32
4715  14
4716  24
4717  19
4718  19
4719  17
4720  21
4721  16
4722  21
4723  14
4724  17
4725  33
4726  22
4727  22
4728  29
4729  33
4730  15
4731  25
4732  26
4733  33
4734  29
4735  26
4736  31
4737  18
4738  21
4739  17
4740  24
4741  19
4742  17
4743  18
4744  20
4745  14
4746  11
4747  12
4748  28
4749  22
4750  14
4751  24
4752  18
4753  12
4754  20
4755  16
4756  22
4757  23
4758  15
4759  19
4760  20
4761  17
4762  22
4763  15
4764  20
4765  20
4766  19
4767  21
4768  28
4769  30
4770  17
4771  25
4772  28
4773  23
4774  22
4775  15
4776  26
4777  22
4778  22
4779  19
4780  24
4781  16
4782  16
4783  16
4784  12
4785  23
4786  27
4787  23
4788  19
4789  24
4790  13
4791  13
4792  14
4793  15
4794  20
4795  8
4796  23
4797  22
4798  18
4799  24
4800  17
4801  20
4802  20
4803  14
4804  25
4805  28
4806  28
4807  24
4808  29
4809  19
4810  23
4811  17
4812  19
4813  18
4814  22
4815  18
4816  13
4817  22
4818  21
4819  17
4820  18
4821  14
4822  23
4823  20
4824  15
4825  21
4826  17
4827  21
4828  20
4829  26
4830  22
4831  13
4832  22
4833  20
4834  13
4835  25
4836  23
4837  27
4838  29
4839  21
4840  20
4841  24
4842  22
4843  15
4844  18
4845  19
4846  20
4847  16
4848  21
4849  17
4850  23
4851  19
4852  16
4853  21
4854  16
4855  17
4856  17
4857  15
4858  19
4859  19
4860  21
4861  18
4862  18
4863  18
4864  16
4865  27
4866  24
4867  27
4868  16
4869  20
4870  18
4871  24
4872  20
4873  17
4874  27
4875  23
4876  19
4877  19
4878  21
4879  20
4880  23
4881  24
4882  20
4883  20
4884  18
4885  14
4886  17
4887  13
4888  15
4889  20
4890  23
4891  22
4892  19
4893  17
4894  15
4895  16
4896  19
4897  25
4898  15
4899  12
4900  19
4901  29
4902  20
4903  16
4904  14
4905  15
4906  27
4907  16
4908  18
4909  19
4910  21
4911  24
4912  20
4913  10
4914  21
4915  20
4916  15
4917  18
4918  18
4919  13
4920  15
4921  13
4922  19
4923  14
4924  15
4925  22
4926  22
4927  16
4928  27
4929  27
4930  18
4931  18
4932  19
4933  15
4934  22
4935  19
4936  22
4937  15
4938  21
4939  21
4940  21
4941  28
4942  20
4943  32
4944  31
4945  47
4946  59
4947  91
4948  82
4949  116
4950  176
4951  206
4952  246
4953  288
4954  307
4955  284
4956  262
4957  233
4958  212
4959  156
4960  108
4961  91
4962  48
4963  50
4964  22
4965  24
4966  18
4967  20
4968  17
4969  10
4970  24
4971  28
4972  25
4973  25
4974  18
4975  25
4976  23
4977  27
4978  25
4979  28
4980  32
4981  31
4982  33
4983  24
4984  28
4985  20
4986  23
4987  20
4988  19
4989  16
4990  14
4991  15
4992  19
4993  16
4994  14
4995  13
4996  14
4997  12
4998  20
4999  18
5000  12
5001  13
5002  17
5003  19
5004  27
5005  21
5006  18
5007  14
5008  18
5009  20
5010  25
5011  21
5012  11
5013  27
5014  21
5015  16
5016  9
5017  24
5018  26
5019  12
5020  22
5021  19
5022  12
5023  21
5024  16
5025  11
5026  11
5027  14
5028  14
5029  18
5030  9
5031  12
5032  12
5033  13
5034  20
5035  21
5036  22
5037  15
5038  13
5039  19
5040  12
5041  13
5042  15
5043  13
5044  12
5045  11
5046  12
5047  17
5048  19
5049  21
5050  13
5051  12
5052  14
5053  27
5054  22
5055  14
5056  16
5057  15
5058  20
5059  13
5060  14
5061  17
5062  16
5063  14
5064  26
5065  16
5066  11
5067  19
5068  9
5069  15
5070  17
5071  20
5072  13
5073  25
5074  19
5075  13
5076  24
5077  9
5078  17
5079  22
5080  14
5081  23
5082  13
5083  15
5084  16
5085  13
5086  13
5087  11
5088  15
5089  12
5090  23
5091  14
5092  12
5093  19
5094  15
5095  12
5096  15
5097  14
5098  7
5099  13
5100  9
5101  13
5102  19
5103  18
5104  17
5105  14
5106  13
5107  17
5108  10
5109  12
5110  14
5111  28
5112  11
5113  19
5114  13
5115  17
5116  19
5117  18
5118  20
5119  12
5120  23
5121  14
5122  11
5123  16
5124  16
5125  15
5126  13
5127  13
5128  16
5129  13
5130  16
5131  12
5132  19
5133  17
5134  14
5135  18
5136  8
5137  17
5138  14
5139  17
5140  15
5141  12
5142  20
5143  14
5144  10
5145  15
5146  13
5147  19
5148  11
5149  20
5150  11
5151  14
5152  13
5153  11
5154  26
5155  20
5156  28
5157  29
5158  21
5159  24
5160  32
5161  23
5162  26
5163  27
5164  21
5165  15
5166  16
5167  18
5168  16
5169  17
5170  22
5171  13
5172  11
5173  14
5174  16
5175  10
5176  12
5177  13
5178  12
5179  13
5180  19
5181  13
5182  14
5183  19
5184  15
5185  14
5186  11
5187  14
5188  9
5189  16
5190  15
5191  12
5192  10
5193  9
5194  12
5195  16
5196  18
5197  4
5198  14
5199  11
5200  16
5201  9
5202  11
5203  13
5204  10
5205  13
5206  20
5207  17
5208  18
5209  18
5210  12
5211  22
5212  18
5213  20
5214  18
5215  14
5216  22
5217  11
5218  12
5219  15
5220  14
5221  22
5222  8
5223  15
5224  20
5225  17
5226  19
5227  9
5228  24
5229  13
5230  19
5231  16
5232  16
5233  10
5234  12
5235  14
5236  22
5237  8
5238  15
5239  14
5240  13
5241  8
5242  22
5243  17
5244  12
5245  19
5246  20
5247  20
5248  17
5249  15
5250  15
5251  5
5252  24
5253  11
5254  13
5255  15
5256  18
5257  17
5258  12
5259  13
5260  10
5261  17
5262  18
5263  14
5264  12
5265  17
5266  15
5267  11
5268  15
5269  12
5270  9
5271  16
5272  18
5273  11
5274  16
5275  11
5276  16
5277  14
5278  23
5279  9
5280  10
5281  19
5282  15
5283  16
5284  10
5285  14
5286  7
5287  13
5288  14
5289  13
5290  12
5291  9
5292  12
5293  16
5294  17
5295  22
5296  21
5297  10
5298  9
5299  11
5300  12
5301  12
5302  12
5303  13
5304  11
5305  17
5306  13
5307  13
5308  14
5309  7
5310  8
5311  18
5312  15
5313  11
5314  10
5315  16
5316  21
5317  12
5318  18
5319  17
5320  19
5321  21
5322  26
5323  11
5324  14
5325  10
5326  15
5327  21
5328  10
5329  17
5330  21
5331  16
5332  8
5333  16
5334  10
5335  16
5336  13
5337  17
5338  12
5339  11
5340  13
5341  10
5342  19
5343  13
5344  15
5345  16
5346  12
5347  13
5348  13
5349  10
5350  17
5351  12
5352  10
5353  15
5354  20
5355  21
5356  22
5357  18
5358  9
5359  10
5360  5
5361  13
5362  16
5363  20
5364  13
5365  19
5366  12
5367  9
5368  11
5369  17
5370  19
5371  18
5372  14
5373  20
5374  12
5375  15
5376  14
5377  16
5378  19
5379  10
5380  17
5381  15
5382  16
5383  13
5384  17
5385  23
5386  15
5387  14
5388  14
5389  14
5390  11
5391  14
5392  13
5393  19
5394  16
5395  14
5396  18
5397  16
5398  12
5399  20
5400  11
5401  13
5402  9
5403  10
5404  14
5405  15
5406  17
5407  16
5408  15
5409  14
5410  9
5411  17
5412  13
5413  19
5414  15
5415  18
5416  16
5417  15
5418  27
5419  18
5420  21
5421  22
5422  15
5423  17
5424  19
5425  14
5426  17
5427  10
5428  15
5429  18
5430  19
5431  11
5432  23
5433  16
5434  19
5435  13
5436  16
5437  15
5438  15
5439  13
5440  15
5441  13
5442  21
5443  12
5444  14
5445  24
5446  16
5447  11
5448  16
5449  16
5450  23
5451  13
5452  9
5453  11
5454  19
5455  7
5456  15
5457  19
5458  17
5459  20
5460  18
5461  11
5462  13
5463  14
5464  14
5465  12
5466  9
5467  9
5468  19
5469  9
5470  14
5471  14
5472  12
5473  12
5474  16
5475  13
5476  17
5477  20
5478  20
5479  17
5480  15
5481  16
5482  16
5483  11
5484  20
5485  16
5486  15
5487  16
5488  19
5489  20
5490  15
5491  20
5492  11
5493  15
5494  12
5495  18
5496  19
5497  16
5498  21
5499  16
5500  13
5501  15
5502  15
5503  17
5504  7
5505  13
5506  17
5507  11
5508  16
5509  13
5510  9
5511  13
5512  17
5513  18
5514  12
5515  17
5516  12
5517  17
5518  15
5519  14
5520  19
5521  19
5522  16
5523  14
5524  12
5525  19
5526  21
5527  14
5528  12
5529  16
5530  15
5531  13
5532  12
5533  15
5534  16
5535  10
5536  14
5537  16
5538  16
5539  18
5540  17
5541  11
5542  11
5543  23
5544  14
5545  16
5546  13
5547  17
5548  14
5549  14
5550  20
5551  19
5552  26
5553  34
5554  54
5555  62
5556  54
5557  68
5558  100
5559  153
5560  140
5561  133
5562  164
5563  168
5564  168
5565  155
5566  131
5567  106
5568  84
5569  76
5570  41
5571  40
5572  28
5573  24
5574  27
5575  27
5576  18
5577  36
5578  31
5579  30
5580  43
5581  40
5582  38
5583  46
5584  30
5585  36
5586  36
5587  29
5588  34
5589  24
5590  16
5591  15
5592  18
5593  15
5594  11
5595  18
5596  22
5597  9
5598  13
5599  15
5600  16
5601  17
5602  16
5603  20
5604  19
5605  12
5606  9
5607  14
5608  15
5609  16
5610  17
5611  11
5612  16
5613  12
5614  16
5615  13
5616  12
5617  14
5618  18
5619  11
5620  12
5621  17
5622  15
5623  11
5624  21
5625  13
5626  16
5627  13
5628  19
5629  14
5630  14
5631  13
5632  15
5633  11
5634  12
5635  17
5636  17
5637  8
5638  19
5639  19
5640  18
5641  16
5642  10
5643  18
5644  21
5645  16
5646  10
5647  13
5648  8
5649  22
5650  19
5651  10
5652  10
5653  21
5654  21
5655  19
5656  13
5657  12
5658  13
5659  17
5660  14
5661  14
5662  12
5663  22
5664  11
5665  16
5666  21
5667  16
5668  17
5669  15
5670  8
5671  13
5672  11
5673  17
5674  13
5675  17
5676  15
5677  21
5678  20
5679  20
5680  31
5681  25
5682  28
5683  34
5684  36
5685  57
5686  67
5687  86
5688  93
5689  110
5690  151
5691  169
5692  195
5693  221
5694  233
5695  238
5696  223
5697  155
5698  137
5699  104
5700  87
5701  73
5702  44
5703  26
5704  30
5705  12
5706  16
5707  17
5708  25
5709  16
5710  16
5711  7
5712  8
5713  10
5714  16
5715  9
5716  15
5717  13
5718  14
5719  15
5720  13
5721  11
5722  21
5723  22
5724  21
5725  14
5726  20
5727  12
5728  24
5729  20
5730  24
5731  24
5732  31
5733  31
5734  31
5735  36
5736  41
5737  31
5738  32
5739  38
5740  28
5741  23
5742  10
5743  13
5744  11
5745  17
5746  15
5747  17
5748  15
5749  25
5750  14
5751  16
5752  9
5753  16
5754  15
5755  12
5756  18
5757  19
5758  11
5759  11
5760  15
5761  15
5762  16
5763  16
5764  16
5765  19
5766  15
5767  13
5768  19
5769  9
5770  11
5771  10
5772  13
5773  11
5774  16
5775  10
5776  14
5777  19
5778  15
5779  16
5780  14
5781  9
5782  14
5783  10
5784  12
5785  13
5786  17
5787  15
5788  14
5789  16
5790  10
5791  16
5792  17
5793  23
5794  23
5795  19
5796  13
5797  16
5798  16
5799  8
5800  19
5801  23
5802  13
5803  15
5804  9
5805  12
5806  17
5807  15
5808  16
5809  15
5810  11
5811  22
5812  14
5813  9
5814  6
5815  17
5816  12
5817  9
5818  20
5819  18
5820  16
5821  18
5822  23
5823  19
5824  16
5825  13
5826  20
5827  17
5828  15
5829  15
5830  12
5831  13
5832  11
5833  14
5834  17
5835  16
5836  8
5837  13
5838  11
5839  15
5840  14
5841  16
5842  20
5843  18
5844  13
5845  15
5846  16
5847  16
5848  17
5849  11
5850  9
5851  10
5852  13
5853  14
5854  15
5855  13
5856  13
5857  23
5858  16
5859  17
5860  4
5861  16
5862  13
5863  23
5864  12
5865  15
5866  12
5867  14
5868  15
5869  16
5870  20
5871  10
5872  11
5873  14
5874  13
5875  10
5876  12
5877  15
5878  15
5879  17
5880  18
5881  13
5882  16
5883  12
5884  13
5885  14
5886  12
5887  21
5888  15
5889  13
5890  18
5891  16
5892  12
5893  14
5894  17
5895  13
5896  16
5897  16
5898  20
5899  14
5900  15
5901  12
5902  14
5903  27
5904  23
5905  22
5906  23
5907  19
5908  15
5909  25
5910  18
5911  22
5912  15
5913  17
5914  9
5915  11
5916  20
5917  20
5918  16
5919  8
5920  16
5921  15
5922  15
5923  14
5924  13
5925  18
5926  14
5927  17
5928  8
5929  19
5930  22
5931  13
5932  16
5933  20
5934  11
5935  14
5936  19
5937  19
5938  15
5939  15
5940  18
5941  18
5942  21
5943  13
5944  12
5945  20
5946  12
5947  17
5948  15
5949  11
5950  13
5951  15
5952  15
5953  14
5954  13
5955  9
5956  9
5957  14
5958  23
5959  19
5960  18
5961  13
5962  13
5963  10
5964  15
5965  16
5966  10
5967  18
5968  17
5969  18
5970  14
5971  16
5972  21
5973  13
5974  15
5975  21
5976  18
5977  19
5978  15
5979  17
5980  14
5981  16
5982  13
5983  16
5984  14
5985  14
5986  13
5987  14
5988  14
5989  15
5990  18
5991  17
5992  13
5993  15
5994  17
5995  8
5996  13
5997  16
5998  20
5999  17
6000  17
6001  14
6002  15
6003  13
6004  17
6005  15
6006  18
6007  13
6008  15
6009  13
6010  15
6011  20
6012  16
6013  21
6014  19
6015  18
6016  21
6017  16
6018  15
6019  16
6020  24
6021  18
6022  25
6023  14
6024  16
6025  17
6026  16
6027  18
6028  16
6029  11
6030  25
6031  15
6032  10
6033  15
6034  20
6035  16
6036  13
6037  21
6038  16
6039  10
6040  14
6041  18
6042  19
6043  15
6044  17
6045  12
6046  8
6047  14
6048  17
6049  16
6050  20
6051  20
6052  11
6053  18
6054  11
6055  17
6056  23
6057  10
6058  17
6059  20
6060  12
6061  13
6062  17
6063  14
6064  19
6065  21
6066  22
6067  15
6068  16
6069  12
6070  14
6071  15
6072  17
6073  12
6074  12
6075  15
6076  10
6077  12
6078  11
6079  18
6080  24
6081  19
6082  14
6083  19
6084  10
6085  9
6086  9
6087  6
6088  12
6089  11
6090  17
6091  9
6092  21
6093  14
6094  14
6095  15
6096  12
6097  15
6098  10
6099  15
6100  13
6101  13
6102  15
6103  11
6104  10
6105  15
6106  6
6107  16
6108  8
6109  8
6110  18
6111  15
6112  19
6113  14
6114  12
6115  16
6116  13
6117  12
6118  7
6119  16
6120  16
6121  10
6122  13
6123  7
6124  16
6125  9
6126  14
6127  11
6128  9
6129  17
6130  18
6131  7
6132  9
6133  8
6134  11
6135  7
6136  6
6137  12
6138  9
6139  11
6140  9
6141  9
6142  11
6143  17
6144  11
6145  11
6146  13
6147  15
6148  10
6149  12
6150  12
6151  12
6152  13
6153  15
6154  12
6155  14
6156  16
6157  14
6158  16
6159  15
6160  9
6161  24
6162  12
6163  8
6164  11
6165  8
6166  13
6167  14
6168  10
6169  13
6170  10
6171  13
6172  8
6173  16
6174  4
6175  9
6176  14
6177  13
6178  15
6179  15
6180  12
6181  13
6182  15
6183  16
6184  11
6185  10
6186  10
6187  14
6188  19
6189  7
6190  21
6191  7
6192  19
6193  32
6194  21
6195  23
6196  30
6197  35
6198  24
6199  27
6200  29
6201  19
6202  27
6203  13
6204  18
6205  12
6206  11
6207  14
6208  16
6209  12
6210  5
6211  12
6212  11
6213  11
6214  14
6215  16
6216  6
6217  17
6218  15
6219  18
6220  9
6221  20
6222  11
6223  10
6224  7
6225  7
6226  12
6227  7
6228  12
6229  5
6230  9
6231  11
6232  16
6233  14
6234  10
6235  15
6236  18
6237  13
6238  17
6239  11
6240  7
6241  9
6242  7
6243  7
6244  11
6245  9
6246  7
6247  15
6248  8
6249  9
6250  10
6251  16
6252  7
6253  12
6254  10
6255  11
6256  15
6257  9
6258  16
6259  13
6260  12
6261  14
6262  12
6263  11
6264  14
6265  7
6266  12
6267  10
6268  13
6269  6
6270  10
6271  10
6272  9
6273  15
6274  8
6275  12
6276  7
6277  12
6278  9
6279  12
6280  13
6281  10
6282  13
6283  5
6284  18
6285  11
6286  9
6287  14
6288  14
6289  12
6290  10
6291  19
6292  13
6293  8
6294  12
6295  7
6296  11
6297  17
6298  17
6299  7
6300  17
6301  13
6302  15
6303  7
6304  10
6305  13
6306  8
6307  12
6308  14
6309  8
6310  10
6311  9
6312  8
6313  11
6314  15
6315  15
6316  14
6317  10
6318  15
6319  11
6320  18
6321  24
6322  15
6323  16
6324  13
6325  8
6326  14
6327  16
6328  17
6329  16
6330  14
6331  9
6332  15
6333  10
6334  7
6335  14
6336  9
6337  12
6338  8
6339  11
6340  8
6341  9
6342  10
6343  8
6344  11
6345  9
6346  8
6347  9
6348  4
6349  14
6350  10
6351  7
6352  8
6353  16
6354  6
6355  7
6356  6
6357  8
6358  12
6359  9
6360  14
6361  8
6362  9
6363  6
6364  5
6365  8
6366  10
6367  5
6368  9
6369  11
6370  5
6371  1
6372  9
6373  10
6374  10
6375  13
6376  11
6377  8
6378  11
6379  10
6380  10
6381  7
6382  12
6383  13
6384  9
6385  18
6386  11
6387  7
6388  6
6389  9
6390  6
6391  15
6392  8
6393  5
6394  3
6395  7
6396  5
6397  8
6398  8
6399  14
6400  9
6401  5
6402  8
6403  7
6404  5
6405  3
6406  11
6407  8
6408  6
6409  12
6410  6
6411  10
6412  10
6413  7
6414  5
6415  8
6416  6
6417  7
6418  15
6419  7
6420  6
6421  5
6422  5
6423  5
6424  11
6425  8
6426  7
6427  5
6428  6
6429  11
6430  7
6431  7
6432  7
6433  6
6434  8
6435  5
6436  8
6437  7
6438  6
6439  6
6440  7
6441  10
6442  7
6443  12
6444  6
6445  4
6446  12
6447  5
6448  6
6449  6
6450  10
6451  4
6452  7
6453  5
6454  12
6455  10
6456  4
6457  7
6458  9
6459  7
6460  9
6461  6
6462  3
6463  6
6464  6
6465  12
6466  11
6467  6
6468  13
6469  4
6470  17
6471  5
6472  7
6473  8
6474  4
6475  5
6476  8
6477  10
6478  4
6479  11
6480  6
6481  11
6482  11
6483  8
6484  5
6485  6
6486  7
6487  10
6488  5
6489  5
6490  4
6491  5
6492  4
6493  9
6494  10
6495  4
6496  12
6497  3
6498  8
6499  5
6500  6
6501  9
6502  12
6503  4
6504  5
6505  10
6506  9
6507  4
6508  8
6509  8
6510  9
6511  13
6512  6
6513  6
6514  14
6515  7
6516  9
6517  7
6518  8
6519  11
6520  7
6521  2
6522  3
6523  7
6524  8
6525  4
6526  5
6527  4
6528  8
6529  7
6530  2
6531  7
6532  10
6533  7
6534  14
6535  7
6536  5
6537  12
6538  9
6539  8
6540  9
6541  11
6542  8
6543  6
6544  1
6545  9
6546  11
6547  11
6548  11
6549  6
6550  1
6551  9
6552  8
6553  7
6554  9
6555  5
6556  9
6557  3
6558  4
6559  8
6560  8
6561  8
6562  9
6563  7
6564  6
6565  5
6566  3
6567  9
6568  8
6569  4
6570  3
6571  2
6572  3
6573  8
6574  6
6575  8
6576  7
6577  3
6578  5
6579  6
6580  5
6581  10
6582  7
6583  7
6584  2
6585  10
6586  5
6587  7
6588  9
6589  4
6590  5
6591  5
6592  7
6593  9
6594  11
6595  8
6596  6
6597  9
6598  6
6599  11
6600  9
6601  6
6602  3
6603  4
6604  7
6605  5
6606  5
6607  4
6608  11
6609  4
6610  4
6611  8
6612  2
6613  8
6614  8
6615  2
6616  9
6617  7
6618  8
6619  16
6620  14
6621  15
6622  7
6623  17
6624  18
6625  11
6626  26
6627  18
6628  24
6629  24
6630  24
6631  15
6632  21
6633  11
6634  13
6635  9
6636  6
6637  6
6638  7
6639  7
6640  3
6641  3
6642  7
6643  7
6644  8
6645  5
6646  6
6647  6
6648  7
6649  3
6650  3
6651  5
6652  7
6653  3
6654  5
6655  8
6656  3
6657  9
6658  3
6659  7
6660  5
6661  3
6662  6
6663  6
6664  4
6665  7
6666  8
6667  4
6668  8
6669  7
6670  2
6671  5
6672  7
6673  4
6674  6
6675  9
6676  7
6677  4
6678  6
6679  3
6680  4
6681  8
6682  8
6683  3
6684  3
6685  5
6686  6
6687  5
6688  3
6689  4
6690  5
6691  6
6692  4
6693  2
6694  3
6695  8
6696  7
6697  7
6698  2
6699  5
6700  8
6701  8
6702  4
6703  4
6704  6
6705  4
6706  5
6707  2
6708  3
6709  5
6710  5
6711  2
6712  5
6713  7
6714  7
6715  4
6716  6
6717  4
6718  1
6719  2
6720  1
6721  3
6722  4
6723  1
6724  7
6725  4
6726  5
6727  2
6728  5
6729  1
6730  6
6731  2
6732  6
6733  2
6734  5
6735  5
6736  2
6737  9
6738  5
6739  4
6740  7
6741  11
6742  2
6743  4
6744  6
6745  4
6746  6
6747  6
6748  9
6749  6
6750  5
6751  4
6752  8
6753  7
6754  5
6755  3
6756  4
6757  3
6758  2
6759  2
6760  6
6761  3
6762  6
6763  7
6764  3
6765  6
6766  4
6767  7
6768  2
6769  3
6770  3
6771  4
6772  2
6773  4
6774  5
6775  3
6776  4
6777  4
6778  3
6779  3
6780  2
6781  4
6782  2
6783  6
6784  9
6785  4
6786  6
6787  2
6788  4
6789  1
6790  6
6791  1
6792  5
6793  1
6794  2
6795  5
6796  3
6797  0
6798  4
6799  1
6800  1
6801  5
6802  5
6803  3
6804  5
6805  4
6806  4
6807  6
6808  1
6809  3
6810  0
6811  3
6812  3
6813  5
6814  6
6815  6
6816  3
6817  4
6818  5
6819  3
6820  3
6821  7
6822  5
6823  6
6824  2
6825  3
6826  4
6827  6
6828  7
6829  2
6830  2
6831  1
6832  3
6833  3
6834  0
6835  3
6836  6
6837  5
6838  6
6839  6
6840  3
6841  6
6842  2
6843  6
6844  9
6845  8
6846  2
6847  1
6848  5
6849  3
6850  7
6851  5
6852  1
6853  6
6854  3
6855  3
6856  7
6857  4
6858  5
6859  8
6860  4
6861  1
6862  2
6863  2
6864  5
6865  5
6866  5
6867  4
6868  4
6869  1
6870  1
6871  8
6872  5
6873  4
6874  5
6875  2
6876  5
6877  0
6878  5
6879  4
6880  3
6881  4
6882  2
6883  2
6884  4
6885  5
6886  3
6887  2
6888  2
6889  2
6890  5
6891  5
6892  2
6893  1
6894  6
6895  4
6896  2
6897  4
6898  7
6899  1
6900  4
6901  3
6902  2
6903  6
6904  2
6905  7
6906  9
6907  3
6908  0
6909  7
6910  4
6911  2
6912  5
6913  6
6914  3
6915  3
6916  1
6917  4
6918  2
6919  3
6920  2
6921  4
6922  3
6923  4
6924  3
6925  5
6926  5
6927  3
6928  5
6929  2
6930  3
6931  2
6932  4
6933  4
6934  5
6935  1
6936  3
6937  2
6938  1
6939  6
6940  3
6941  2
6942  6
6943  2
6944  2
6945  2
6946  4
6947  8
6948  5
6949  4
6950  6
6951  8
6952  3
6953  3
6954  8
6955  1
6956  6
6957  5
6958  2
6959  3
6960  5
6961  3
6962  2
6963  1
6964  5
6965  4
6966  4
6967  3
6968  5
6969  3
6970  4
6971  1
6972  3
6973  4
6974  4
6975  5
6976  2
6977  4
6978  9
6979  5
6980  2
6981  1
6982  3
6983  2
6984  3
6985  3
6986  7
6987  6
6988  4
6989  2
6990  2
6991  3
6992  3
6993  6
6994  3
6995  3
6996  3
6997  5
6998  2
6999  4
7000  5
7001  7
7002  1
7003  6
7004  2
7005  2
7006  2
7007  3
7008  2
7009  5
7010  2
7011  5
7012  2
7013  5
7014  2
7015  7
7016  4
7017  5
7018  10
7019  3
7020  5
7021  9
7022  6
7023  13
7024  7
7025  3
7026  6
7027  6
7028  4
7029  1
7030  5
7031  1
7032  5
7033  4
7034  5
7035  1
7036  2
7037  5
7038  4
7039  2
7040  3
7041  3
7042  5
7043  5
7044  5
7045  1
7046  5
7047  4
7048  4
7049  3
7050  5
7051  4
7052  1
7053  2
7054  6
7055  4
7056  6
7057  7
7058  6
7059  3
7060  5
7061  3
7062  7
7063  3
7064  1
7065  1
7066  3
7067  1
7068  2
7069  2
7070  3
7071  3
7072  1
7073  6
7074  3
7075  3
7076  4
7077  4
7078  0
7079  3
7080  1
7081  4
7082  1
7083  4
7084  0
7085  3
7086  7
7087  2
7088  3
7089  6
7090  4
7091  6
7092  4
7093  7
7094  4
7095  5
7096  2
7097  6
7098  5
7099  1
7100  6
7101  4
7102  5
7103  5
7104  4
7105  4
7106  3
7107  3
7108  3
7109  3
7110  1
7111  1
7112  4
7113  4
7114  4
7115  0
7116  3
7117  2
7118  9
7119  6
7120  3
7121  1
7122  5
7123  6
7124  5
7125  3
7126  2
7127  3
7128  5
7129  4
7130  5
7131  6
7132  4
7133  1
7134  7
7135  6
7136  4
7137  2
7138  5
7139  10
7140  5
7141  10
7142  6
7143  3
7144  4
7145  4
7146  6
7147  3
7148  4
7149  7
7150  5
7151  6
7152  3
7153  2
7154  4
7155  7
7156  8
7157  10
7158  19
7159  25
7160  23
7161  29
7162  37
7163  56
7164  63
7165  102
7166  103
7167  140
7168  138
7169  184
7170  196
7171  229
7172  216
7173  214
7174  210
7175  172
7176  167
7177  128
7178  95
7179  72
7180  50
7181  32
7182  21
7183  9
7184  7
7185  5
7186  4
7187  6
7188  5
7189  1
7190  5
7191  3
7192  4
7193  2
7194  1
7195  4
7196  4
7197  3
7198  2
7199  3
7200  2
7201  4
7202  3
7203  2
7204  2
7205  8
7206  2
7207  5
7208  2
7209  5
7210  2
7211  5
7212  4
7213  3
7214  1
7215  2
7216  3
7217  0
7218  4
7219  1
7220  3
7221  2
7222  1
7223  2
7224  1
7225  5
7226  1
7227  1
7228  1
7229  1
7230  1
7231  1
7232  3
7233  2
7234  1
7235  3
7236  3
7237  2
7238  3
7239  4
7240  1
7241  3
7242  3
7243  3
7244  2
7245  2
7246  1
7247  2
7248  1
7249  1
7250  0
7251  5
7252  2
7253  0
7254  1
7255  4
7256  6
7257  4
7258  1
7259  2
7260  4
7261  0
7262  4
7263  2
7264  5
7265  5
7266  4
7267  2
7268  0
7269  4
7270  3
7271  1
7272  5
7273  2
7274  2
7275  3
7276  2
7277  1
7278  0
7279  2
7280  3
7281  4
7282  4
7283  2
7284  2
7285  2
7286  2
7287  3
7288  2
7289  3
7290  1
7291  1
7292  4
7293  4
7294  4
7295  3
7296  1
7297  4
7298  3
7299  7
7300  3
7301  5
7302  0
7303  2
7304  2
7305  2
7306  3
7307  5
7308  7
7309  3
7310  4
7311  3
7312  2
7313  2
7314  4
7315  1
7316  2
7317  2
7318  2
7319  3
7320  2
7321  1
7322  5
7323  1
7324  1
7325  2
7326  1
7327  0
7328  0
7329  1
7330  2
7331  3
7332  3
7333  0
7334  2
7335  4
7336  2
7337  3
7338  4
7339  0
7340  3
7341  3
7342  3
7343  3
7344  4
7345  1
7346  4
7347  2
7348  3
7349  2
7350  2
7351  1
7352  3
7353  2
7354  2
7355  3
7356  1
7357  2
7358  4
7359  3
7360  2
7361  6
7362  2
7363  5
7364  1
7365  4
7366  3
7367  0
7368  5
7369  0
7370  2
7371  4
7372  2
7373  3
7374  4
7375  3
7376  7
7377  4
7378  4
7379  1
7380  3
7381  4
7382  4
7383  1
7384  0
7385  4
7386  4
7387  2
7388  3
7389  4
7390  2
7391  2
7392  1
7393  3
7394  2
7395  6
7396  1
7397  3
7398  1
7399  5
7400  3
7401  1
7402  2
7403  3
7404  4
7405  3
7406  5
7407  5
7408  2
7409  5
7410  9
7411  4
7412  6
7413  4
7414  10
7415  6
7416  5
7417  6
7418  6
7419  16
7420  11
7421  9
7422  11
7423  17
7424  24
7425  17
7426  17
7427  27
7428  28
7429  49
7430  61
7431  46
7432  74
7433  77
7434  117
7435  103
7436  111
7437  121
7438  119
7439  80
7440  87
7441  75
7442  58
7443  31
7444  30
7445  22
7446  15
7447  11
7448  6
7449  6
7450  3
7451  1
7452  2
7453  2
7454  3
7455  3
7456  3
7457  1
7458  3
7459  4
7460  1
7461  4
7462  1
7463  1
7464  2
7465  3
7466  2
7467  3
7468  1
7469  4
7470  0
7471  1
7472  1
7473  0
7474  2
7475  1
7476  3
7477  2
7478  3
7479  0
7480  2
7481  1
7482  1
7483  3
7484  1
7485  1
7486  1
7487  1
7488  3
7489  1
7490  5
7491  0
7492  3
7493  1
7494  1
7495  0
7496  5
7497  2
7498  1
7499  2
7500  3
7501  1
7502  4
7503  2
7504  1
7505  0
7506  2
7507  2
7508  0
7509  3
7510  5
7511  1
7512  2
7513  3
7514  0
7515  2
7516  0
7517  4
7518  1
7519  1
7520  1
7521  0
7522  1
7523  1
7524  3
7525  1
7526  1
7527  0
7528  4
7529  2
7530  1
7531  3
7532  1
7533  1
7534  2
7535  2
7536  1
7537  2
7538  2
7539  0
7540  0
7541  2
7542  2
7543  2
7544  1
7545  2
7546  1
7547  2
7548  1
7549  0
7550  2
7551  0
7552  3
7553  0
7554  0
7555  0
7556  1
7557  0
7558  3
7559  1
7560  3
7561  0
7562  3
7563  0
7564  1
7565  2
7566  2
7567  1
7568  2
7569  2
7570  2
7571  1
7572  4
7573  2
7574  3
7575  3
7576  4
7577  1
7578  3
7579  1
7580  0
7581  1
7582  2
7583  1
7584  2
7585  1
7586  0
7587  1
7588  4
7589  2
7590  1
7591  5
7592  4
7593  2
7594  0
7595  1
7596  1
7597  2
7598  2
7599  3
7600  2
7601  2
7602  0
7603  0
7604  3
7605  2
7606  3
7607  3
7608  4
7609  1
7610  2
7611  2
7612  2
7613  4
7614  0
7615  1
7616  0
7617  3
7618  1
7619  2
7620  1
7621  3
7622  0
7623  3
7624  2
7625  1
7626  3
7627  0
7628  2
7629  5
7630  2
7631  2
7632  0
7633  3
7634  3
7635  4
7636  3
7637  2
7638  4
7639  1
7640  2
7641  2
7642  1
7643  4
7644  3
7645  1
7646  1
7647  1
7648  1
7649  1
7650  1
7651  2
7652  3
7653  1
7654  0
7655  2
7656  1
7657  3
7658  3
7659  1
7660  0
7661  3
7662  0
7663  1
7664  2
7665  2
7666  2
7667  2
7668  7
7669  3
7670  3
7671  1
7672  1
7673  1
7674  5
7675  1
7676  4
7677  5
7678  1
7679  9
7680  5
7681  5
7682  6
7683  2
7684  2
7685  2
7686  3
7687  3
7688  1
7689  4
7690  4
7691  4
7692  2
7693  0
7694  1
7695  3
7696  2
7697  2
7698  0
7699  1
7700  1
7701  1
7702  3
7703  1
7704  1
7705  2
7706  2
7707  1
7708  0
7709  3
7710  3
7711  1
7712  4
7713  3
7714  3
7715  1
7716  3
7717  1
7718  3
7719  2
7720  1
7721  1
7722  1
7723  1
7724  2
7725  1
7726  2
7727  3
7728  2
7729  1
7730  3
7731  1
7732  2
7733  0
7734  1
7735  0
7736  1
7737  2
7738  0
7739  4
7740  3
7741  2
7742  4
7743  1
7744  1
7745  1
7746  0
7747  3
7748  3
7749  2
7750  0
7751  2
7752  2
7753  2
7754  1
7755  2
7756  3
7757  4
7758  1
7759  3
7760  3
7761  4
7762  1
7763  2
7764  3
7765  3
7766  6
7767  7
7768  5
7769  3
7770  6
7771  6
7772  6
7773  2
7774  4
7775  5
7776  8
7777  3
7778  5
7779  2
7780  4
7781  6
7782  2
7783  4
7784  1
7785  4
7786  2
7787  0
7788  1
7789  3
7790  0
7791  5
7792  0
7793  2
7794  1
7795  1
7796  3
7797  1
7798  1
7799  1
7800  3
7801  1
7802  1
7803  1
7804  0
7805  2
7806  2
7807  3
7808  3
7809  2
7810  3
7811  0
7812  1
7813  1
7814  0
7815  2
7816  3
7817  1
7818  2
7819  7
7820  1
7821  3
7822  0
7823  1
7824  2
7825  2
7826  3
7827  0
7828  0
7829  2
7830  3
7831  2
7832  1
7833  4
7834  1
7835  1
7836  0
7837  2
7838  2
7839  1
7840  3
7841  1
7842  0
7843  2
7844  1
7845  0
7846  1
7847  2
7848  1
7849  1
7850  0
7851  0
7852  4
7853  1
7854  4
7855  4
7856  0
7857  2
7858  1
7859  1
7860  1
7861  1
7862  1
7863  0
7864  1
7865  1
7866  2
7867  0
7868  3
7869  0
7870  0
7871  2
7872  2
7873  2
7874  4
7875  0
7876  1
7877  1
7878  3
7879  1
7880  0
7881  1
7882  0
7883  0
7884  0
7885  1
7886  1
7887  0
7888  3
7889  0
7890  0
7891  3
7892  3
7893  2
7894  4
7895  1
7896  0
7897  3
7898  0
7899  0
7900  1
7901  0
7902  0
7903  0
7904  2
7905  5
7906  1
7907  2
7908  2
7909  0
7910  1
7911  1
7912  4
7913  3
7914  2
7915  1
7916  0
7917  2
7918  3
7919  0
7920  5
7921  0
7922  1
7923  1
7924  0
7925  0
7926  2
7927  0
7928  1
7929  3
7930  1
7931  1
7932  2
7933  3
7934  2
7935  1
7936  2
7937  1
7938  2
7939  2
7940  0
7941  1
7942  2
7943  1
7944  1
7945  3
7946  0
7947  0
7948  3
7949  3
7950  2
7951  1
7952  2
7953  1
7954  0
7955  0
7956  3
7957  2
7958  1
7959  0
7960  0
7961  1
7962  2
7963  1
7964  0
7965  0
7966  1
7967  0
7968  0
7969  3
7970  2
7971  2
7972  2
7973  1
7974  0
7975  1
7976  1
7977  1
7978  0
7979  2
7980  2
7981  1
7982  2
7983  2
7984  1
7985  2
7986  1
7987  0
7988  2
7989  1
7990  3
7991  0
7992  3
7993  0
7994  0
7995  0
7996  0
7997  3
7998  3
7999  0
8000  2
8001  0
8002  3
8003  2
8004  0
8005  2
8006  1
8007  1
8008  3
8009  0
8010  0
8011  0
8012  1
8013  0
8014  1
8015  1
8016  2
8017  2
8018  3
8019  0
8020  2
8021  0
8022  1
8023  2
8024  0
8025  1
8026  0
8027  2
8028  3
8029  0
8030  2
8031  1
8032  0
8033  0
8034  0
8035  2
8036  3
8037  1
8038  2
8039  2
8040  2
8041  2
8042  0
8043  0
8044  1
8045  1
8046  0
8047  1
8048  2
8049  1
8050  2
8051  2
8052  2
8053  3
8054  3
8055  3
8056  3
8057  1
8058  0
8059  2
8060  3
8061  2
8062  1
8063  0
8064  3
8065  0
8066  1
8067  5
8068  3
8069  4
8070  5
8071  2
8072  0
8073  4
8074  1
8075  2
8076  3
8077  4
8078  3
8079  6
8080  2
8081  0
8082  2
8083  0
8084  5
8085  3
8086  4
8087  4
8088  5
8089  3
8090  7
8091  8
8092  6
8093  8
8094  3
8095  9
8096  10
8097  6
8098  7
8099  2
8100  4
8101  3
8102  6
8103  1
8104  1
8105  2
8106  0
8107  0
8108  3
8109  2
8110  0
8111  1
8112  2
8113  1
8114  2
8115  4
8116  0
8117  2
8118  4
8119  1
8120  1
8121  1
8122  1
8123  1
8124  0
8125  1
8126  0
8127  0
8128  4
8129  1
8130  0
8131  5
8132  0
8133  1
8134  1
8135  1
8136  0
8137  1
8138  2
8139  4
8140  1
8141  2
8142  0
8143  1
8144  1
8145  0
8146  2
8147  1
8148  3
8149  2
8150  0
8151  2
8152  1
8153  1
8154  1
8155  1
8156  3
8157  2
8158  1
8159  1
8160  1
8161  1
8162  1
8163  2
8164  1
8165  2
8166  0
8167  2
8168  2
8169  2
8170  2
8171  0
8172  1
8173  1
8174  0
8175  3
8176  1
8177  2
8178  3
8179  1
8180  1
8181  0
8182  0
8183  0
8184  0
8185  3
8186  0
8187  3
8188  1
8189  2
8190  2
8191  0
